

===============================================
Model name: 	bob_isotropic
Num Faces: 	6174
Num Vertices: 	3087
Num spheres: 	19
===============================================



Sphere ID:	0
Radius length: 7.99862
Center point: (8.49528, -7.71857, -13.9532)
color: (0.193304, 0.563585, 0.00125126)
Num faces: 445
faces list: 0, 1, 15, 17, 19, 29, 31, 34, 43, 47, 49, 51, 53, 55, 56, 58, 61, 62, 63, 64, 66, 67, 72, 81, 88, 89, 91, 92, 94, 95, 96, 97, 98, 100, 103, 108, 109, 112, 115, 117, 119, 127, 133, 177, 178, 179, 183, 185, 187, 189, 190, 191, 192, 195, 197, 198, 199, 200, 201, 203, 204, 206, 215, 216, 221, 227, 228, 229, 239, 300, 302, 308, 313, 315, 316, 318, 319, 321, 324, 328, 330, 332, 333, 336, 337, 339, 342, 344, 348, 420, 424, 440, 441, 445, 451, 453, 458, 459, 461, 464, 465, 467, 469, 471, 472, 476, 478, 483, 485, 488, 491, 518, 565, 574, 597, 599, 600, 601, 602, 603, 604, 608, 614, 615, 620, 621, 625, 627, 628, 650, 651, 675, 702, 724, 726, 730, 731, 735, 742, 744, 746, 747, 753, 754, 760, 763, 815, 832, 835, 844, 862, 863, 864, 878, 879, 880, 887, 888, 889, 894, 897, 899, 902, 904, 905, 912, 928, 938, 942, 986, 998, 1005, 1009, 1016, 1018, 1021, 1026, 1027, 1029, 1032, 1034, 1035, 1040, 1043, 1051, 1111, 1134, 1139, 1141, 1144, 1150, 1223, 1252, 1277, 1285, 1288, 1311, 1360, 1478, 1532, 1558, 1561, 1585, 1658, 1751, 1769, 1781, 1790, 1797, 1819, 1844, 1880, 1917, 1929, 1986, 2013, 2064, 2065, 2156, 2348, 2583, 2757, 2894, 2941, 2954, 2989, 3127, 3155, 3266, 3268, 3286, 3313, 3350, 3356, 3390, 3437, 3446, 3451, 3471, 3478, 3526, 3539, 3706, 3724, 3739, 3797, 3888, 3925, 3943, 3955, 3956, 4059, 4086, 4106, 4113, 4127, 4184, 4222, 4226, 4248, 4249, 4250, 4254, 4263, 4265, 4269, 4270, 4277, 4279, 4287, 4288, 4291, 4297, 4315, 4336, 4339, 4347, 4349, 4350, 4353, 4357, 4359, 4360, 4362, 4366, 4367, 4373, 4377, 4381, 4387, 4391, 4394, 4402, 4431, 4438, 4447, 4456, 4463, 4465, 4482, 4485, 4490, 4504, 4508, 4512, 4527, 4528, 4535, 4546, 4547, 4550, 4560, 4563, 4564, 4565, 4567, 4569, 4570, 4574, 4576, 4577, 4578, 4579, 4581, 4582, 4588, 4589, 4603, 4604, 4625, 4627, 4646, 4652, 4655, 4658, 4661, 4662, 4663, 4665, 4666, 4667, 4669, 4671, 4672, 4674, 4678, 4680, 4681, 4687, 4689, 4722, 4729, 4732, 4758, 4781, 4905, 4998, 5010, 5037, 5058, 5093, 5109, 5127, 5133, 5196, 5201, 5236, 5247, 5254, 5297, 5298, 5342, 5388, 5419, 5443, 5446, 5451, 5455, 5458, 5460, 5463, 5468, 5491, 5498, 5527, 5541, 5548, 5688, 5717, 5734, 5751, 5835, 5870, 5886, 5890, 5893, 5903, 5906, 5932, 5936, 5937, 5938, 5942, 5954, 5963, 5964, 5967, 5984, 5991, 5997, 6001, 6003, 6010, 6011, 6012, 6014, 6018, 6023, 6044, 6047, 6053, 6062, 6063, 6064, 6065, 6068, 6069, 6070, 6073, 6076, 6079, 6081, 6086, 6090, 6092, 6110, 6123, 6132, 6133, 6134, 6136, 6137, 6138, 6139, 6149, 
----------------------------

Sphere ID:	1
Radius length: 5.99977
Center point: (23.5911, -3.04342, -0.293171)
color: (0.479873, 0.585009, 0.808741)
Num faces: 272
faces list: 2, 3, 70, 123, 132, 134, 138, 156, 176, 181, 186, 224, 225, 226, 237, 238, 323, 329, 331, 334, 341, 343, 345, 350, 351, 354, 358, 365, 366, 377, 384, 407, 482, 486, 490, 493, 497, 502, 510, 512, 514, 517, 612, 617, 619, 630, 639, 708, 852, 966, 1130, 1142, 1184, 1191, 1194, 1210, 1222, 1235, 1255, 1306, 1308, 1309, 1313, 1314, 1316, 1318, 1324, 1326, 1328, 1330, 1338, 1339, 1340, 1342, 1343, 1372, 1411, 1414, 1415, 1418, 1419, 1420, 1421, 1423, 1424, 1425, 1426, 1427, 1429, 1430, 1432, 1433, 1435, 1439, 1441, 1443, 1624, 1689, 1697, 1715, 1722, 1727, 1729, 1731, 1764, 1771, 1780, 1860, 1864, 1868, 1871, 1873, 1874, 1875, 1883, 1896, 1905, 1933, 1939, 1942, 1945, 1948, 1955, 1957, 1960, 1965, 1967, 1969, 1976, 1977, 1978, 1979, 1982, 1983, 2121, 2126, 2127, 2131, 2267, 2275, 2276, 2277, 2415, 2416, 3015, 3190, 3194, 3204, 3223, 3226, 3272, 3318, 3328, 3329, 3330, 3331, 3352, 3399, 3535, 3642, 3643, 3644, 3645, 3648, 3649, 3650, 3652, 3653, 3656, 3673, 3674, 3681, 3683, 3759, 3783, 3787, 3808, 3809, 3810, 3811, 3818, 3837, 3885, 4125, 4126, 4128, 4129, 4130, 4131, 4132, 4133, 4134, 4135, 4136, 4138, 4139, 4150, 4152, 4158, 4161, 4163, 4164, 4166, 4180, 4188, 4211, 4408, 4412, 4413, 4414, 4417, 4419, 4425, 4509, 4605, 4606, 4608, 4695, 4705, 4707, 4901, 4941, 5005, 5042, 5140, 5141, 5142, 5161, 5163, 5172, 5199, 5204, 5250, 5279, 5304, 5308, 5314, 5317, 5319, 5329, 5330, 5331, 5333, 5341, 5343, 5344, 5430, 5431, 5432, 5433, 5434, 5439, 5456, 5466, 5488, 5507, 5522, 5693, 5799, 5804, 5805, 5869, 5971, 5973, 5978, 6033, 6091, 6094, 6096, 6157, 6159, 6160, 
----------------------------

Sphere ID:	2
Radius length: 5.00034
Center point: (-21.4762, 4.2493, -0.0495899)
color: (0.82284, 0.895962, 0.350291)
Num faces: 237
faces list: 4, 131, 184, 188, 208, 219, 257, 273, 304, 605, 632, 741, 759, 762, 774, 795, 824, 850, 923, 950, 958, 964, 967, 975, 1058, 1063, 1070, 1376, 1389, 1390, 1404, 1405, 1408, 1409, 1412, 1413, 1417, 1444, 1445, 1447, 1450, 1451, 1452, 1453, 1454, 1455, 1457, 1459, 1462, 1463, 1464, 1465, 1466, 1468, 1469, 1470, 1471, 1480, 1491, 1493, 1534, 1536, 1540, 1543, 1544, 1547, 1549, 1552, 1752, 1755, 2046, 2092, 2110, 2115, 2117, 2134, 2196, 2235, 2527, 3134, 3151, 3156, 3163, 3164, 3168, 3169, 3177, 3178, 3179, 3305, 3513, 3533, 3534, 3588, 3593, 3596, 3597, 3598, 3599, 3600, 3601, 3603, 3604, 3605, 3606, 3607, 3608, 3609, 3610, 3611, 3615, 3616, 3619, 3622, 3624, 3625, 3627, 3629, 3630, 3632, 3633, 3634, 3635, 3636, 3637, 3638, 3640, 3641, 3790, 3796, 4001, 4003, 4004, 4005, 4012, 4018, 4068, 4070, 4072, 4080, 4081, 4082, 4087, 4088, 4090, 4091, 4092, 4093, 4094, 4099, 4100, 4101, 4102, 4103, 4104, 4105, 4107, 4111, 4112, 4115, 4116, 4118, 4119, 4121, 4122, 4124, 4713, 4744, 4762, 4774, 4778, 4780, 4787, 4861, 4874, 4888, 4904, 4957, 4961, 4973, 4975, 4976, 4978, 4983, 4984, 5006, 5011, 5017, 5020, 5022, 5023, 5025, 5034, 5046, 5070, 5088, 5101, 5108, 5113, 5118, 5120, 5177, 5178, 5190, 5195, 5200, 5202, 5206, 5208, 5209, 5210, 5211, 5214, 5217, 5220, 5239, 5309, 5345, 5346, 5347, 5348, 5349, 5350, 5352, 5353, 5354, 5355, 5357, 5358, 5359, 5360, 5361, 5473, 5483, 5486, 5494, 5848, 
----------------------------

Sphere ID:	3
Radius length: 7.99963
Center point: (-13.4155, 5.38273, 0.0213979)
color: (0.858943, 0.174108, 0.746605)
Num faces: 610
faces list: 5, 8, 45, 75, 76, 83, 136, 137, 230, 234, 265, 322, 327, 340, 352, 362, 390, 418, 456, 463, 470, 477, 479, 481, 521, 613, 622, 644, 649, 729, 737, 750, 761, 780, 791, 799, 800, 816, 843, 845, 886, 895, 901, 903, 943, 954, 959, 962, 970, 974, 977, 978, 983, 987, 989, 991, 995, 996, 1003, 1004, 1006, 1007, 1010, 1015, 1017, 1019, 1022, 1023, 1024, 1030, 1031, 1037, 1041, 1042, 1044, 1046, 1047, 1049, 1050, 1054, 1068, 1126, 1232, 1276, 1322, 1323, 1325, 1331, 1344, 1345, 1346, 1350, 1351, 1352, 1354, 1355, 1356, 1357, 1359, 1362, 1364, 1366, 1367, 1370, 1374, 1375, 1377, 1380, 1382, 1383, 1384, 1385, 1386, 1392, 1393, 1394, 1395, 1396, 1397, 1398, 1400, 1401, 1402, 1403, 1446, 1448, 1460, 1472, 1473, 1475, 1479, 1481, 1484, 1486, 1489, 1498, 1502, 1504, 1505, 1507, 1508, 1509, 1511, 1512, 1513, 1515, 1516, 1518, 1519, 1521, 1522, 1524, 1525, 1526, 1528, 1530, 1539, 1554, 1566, 1716, 1734, 1760, 1848, 1849, 1852, 1991, 1995, 2135, 2168, 2203, 2214, 2226, 2249, 2254, 2303, 2362, 2371, 2387, 2396, 2441, 2484, 2485, 2493, 2497, 2512, 2523, 2534, 2535, 2539, 2579, 2585, 2587, 2598, 2600, 2602, 2612, 2626, 2637, 2647, 2655, 2658, 2668, 2879, 3086, 3087, 3090, 3094, 3096, 3097, 3100, 3106, 3107, 3109, 3110, 3111, 3112, 3113, 3114, 3116, 3117, 3120, 3121, 3126, 3129, 3130, 3136, 3137, 3138, 3140, 3141, 3142, 3144, 3145, 3148, 3149, 3150, 3152, 3153, 3154, 3158, 3159, 3161, 3165, 3166, 3167, 3174, 3175, 3504, 3506, 3514, 3519, 3537, 3538, 3543, 3544, 3547, 3548, 3549, 3550, 3551, 3552, 3554, 3556, 3557, 3558, 3559, 3560, 3561, 3562, 3563, 3564, 3565, 3566, 3567, 3568, 3569, 3570, 3572, 3573, 3574, 3577, 3579, 3580, 3581, 3582, 3583, 3585, 3586, 3587, 3589, 3590, 3592, 3613, 3617, 3618, 3620, 3621, 3623, 3742, 3767, 3771, 3776, 3983, 4006, 4011, 4013, 4021, 4023, 4026, 4027, 4028, 4029, 4031, 4032, 4034, 4035, 4036, 4037, 4038, 4039, 4041, 4042, 4043, 4044, 4045, 4046, 4047, 4050, 4051, 4052, 4054, 4055, 4057, 4058, 4060, 4061, 4065, 4066, 4067, 4071, 4073, 4076, 4077, 4078, 4079, 4083, 4096, 4098, 4110, 4117, 4120, 4123, 4320, 4334, 4406, 4435, 4514, 4516, 4618, 4621, 4733, 4734, 4747, 4748, 4749, 4750, 4751, 4752, 4760, 4763, 4764, 4765, 4766, 4767, 4768, 4769, 4772, 4773, 4775, 4776, 4777, 4779, 4785, 4786, 4789, 4790, 4791, 4792, 4793, 4794, 4795, 4796, 4798, 4826, 4827, 4828, 4829, 4830, 4832, 4833, 4834, 4835, 4837, 4838, 4839, 4840, 4841, 4842, 4843, 4844, 4846, 4847, 4848, 4849, 4851, 4853, 4862, 4864, 4865, 4866, 4867, 4870, 4872, 4873, 4875, 4876, 4877, 4878, 4879, 4880, 4882, 4883, 4885, 4886, 4887, 4889, 4890, 4891, 4892, 4902, 4903, 4907, 4908, 4909, 4910, 4911, 4912, 4913, 4914, 4916, 4917, 4918, 4919, 4921, 4922, 4923, 4924, 4927, 4928, 4929, 4930, 4931, 4945, 4965, 4968, 4969, 4970, 4971, 4974, 4977, 4979, 4980, 4981, 4982, 4986, 4987, 4989, 4990, 4993, 4995, 5019, 5024, 5027, 5029, 5030, 5031, 5032, 5033, 5035, 5038, 5040, 5041, 5043, 5044, 5045, 5049, 5050, 5051, 5053, 5054, 5055, 5059, 5060, 5061, 5076, 5077, 5078, 5080, 5082, 5083, 5084, 5085, 5087, 5089, 5090, 5091, 5092, 5095, 5096, 5098, 5102, 5103, 5106, 5107, 5112, 5115, 5124, 5126, 5129, 5137, 5144, 5148, 5151, 5153, 5159, 5160, 5164, 5173, 5180, 5183, 5184, 5185, 5186, 5187, 5188, 5194, 5197, 5205, 5213, 5216, 5218, 5219, 5222, 5225, 5226, 5227, 5228, 5229, 5230, 5231, 5232, 5233, 5234, 5240, 5242, 5249, 5351, 5362, 5364, 5365, 5367, 5368, 5370, 5371, 5372, 5373, 5374, 5375, 5376, 5377, 5380, 5381, 5382, 5383, 5480, 5497, 5499, 5500, 5510, 5513, 5515, 5516, 5518, 5526, 5535, 5536, 5543, 5545, 5550, 5551, 5561, 5749, 5753, 5842, 5960, 5966, 6022, 6142, 6172, 6173, 
----------------------------

Sphere ID:	4
Radius length: 8.00166
Center point: (-8.98825, -7.56928, 4.91017)
color: (0.303995, 0.513535, 0.710501)
Num faces: 417
faces list: 6, 7, 10, 11, 40, 77, 489, 676, 813, 817, 821, 1088, 1090, 1105, 1118, 1119, 1121, 1123, 1138, 1140, 1152, 1153, 1157, 1173, 1175, 1176, 1179, 1180, 1182, 1208, 1215, 1233, 1239, 1240, 1257, 1264, 1279, 1294, 1304, 1399, 1458, 1461, 1476, 1482, 1488, 1495, 1501, 1506, 1514, 1531, 1559, 1567, 1568, 1582, 1594, 1595, 1596, 1601, 1607, 1609, 1611, 1614, 1617, 1619, 1632, 1641, 1674, 1675, 1676, 1677, 1678, 1683, 1698, 1701, 1737, 1753, 1763, 1794, 1795, 1825, 1827, 1851, 1854, 1863, 1867, 1870, 1887, 1994, 1999, 2000, 2003, 2005, 2011, 2012, 2136, 2137, 2138, 2142, 2144, 2145, 2146, 2148, 2153, 2155, 2279, 2281, 2283, 2284, 2285, 2286, 2288, 2290, 2291, 2293, 2311, 2319, 2420, 2421, 2422, 2423, 2424, 2425, 2428, 2431, 2433, 2434, 2435, 2436, 2437, 2438, 2440, 2443, 2446, 2548, 2558, 2559, 2561, 2562, 2564, 2574, 2577, 2580, 2581, 2594, 2605, 2617, 2643, 2697, 2701, 2704, 2715, 2719, 2720, 2732, 2736, 2741, 2754, 2766, 2770, 2783, 2785, 2789, 2790, 2798, 2842, 2856, 2883, 2896, 2898, 2901, 2905, 2906, 2964, 2969, 2970, 2972, 2975, 2977, 2978, 2979, 2982, 2990, 2991, 2993, 3001, 3004, 3016, 3020, 3023, 3081, 3098, 3104, 3105, 3115, 3124, 3128, 3132, 3176, 3203, 3205, 3207, 3208, 3211, 3212, 3213, 3215, 3218, 3220, 3222, 3304, 3316, 3344, 3345, 3364, 3367, 3393, 3394, 3397, 3422, 3424, 3431, 3435, 3483, 3484, 3492, 3493, 3497, 3501, 3502, 3505, 3507, 3508, 3509, 3510, 3512, 3679, 3720, 3721, 3737, 3745, 3746, 3750, 3754, 3769, 3772, 3773, 3774, 3775, 3780, 3792, 3793, 3795, 3804, 3824, 3826, 3829, 3832, 3833, 3834, 3849, 3850, 3851, 3852, 3856, 3859, 3860, 3861, 3862, 3878, 3880, 3883, 3886, 3887, 3889, 3913, 3914, 3931, 3937, 3939, 3940, 3957, 3962, 3966, 3967, 3968, 3992, 3998, 4022, 4025, 4030, 4187, 4190, 4191, 4192, 4193, 4194, 4197, 4198, 4220, 4230, 4312, 4314, 4374, 4379, 4389, 4393, 4399, 4437, 4474, 4496, 4513, 4568, 4586, 4599, 4664, 4675, 4684, 4701, 4704, 4717, 4737, 4738, 4739, 4742, 4745, 4746, 4754, 4757, 4761, 4788, 4803, 4811, 4820, 4821, 4852, 4854, 4856, 4858, 4859, 4860, 4863, 4933, 4934, 4936, 4944, 4952, 4960, 4967, 4985, 5002, 5064, 5066, 5067, 5071, 5073, 5075, 5079, 5094, 5125, 5198, 5235, 5244, 5245, 5251, 5267, 5269, 5283, 5285, 5287, 5288, 5294, 5299, 5306, 5307, 5316, 5321, 5323, 5328, 5379, 5387, 5389, 5402, 5410, 5438, 5450, 5525, 5534, 5573, 5576, 5577, 5600, 5632, 5642, 5662, 5684, 5687, 5689, 5728, 5732, 5735, 5738, 5740, 5785, 5793, 5796, 5797, 5807, 5862, 5921, 5925, 5953, 5957, 6019, 6035, 6087, 6122, 6128, 
----------------------------

Sphere ID:	5
Radius length: 8.00058
Center point: (-11.8504, -2.9647, -0.110535)
color: (0.364452, 0.0914029, 0.0149846)
Num faces: 272
faces list: 9, 37, 41, 74, 244, 245, 258, 326, 380, 524, 527, 648, 667, 668, 777, 848, 866, 915, 931, 957, 982, 1028, 1036, 1056, 1061, 1062, 1067, 1071, 1077, 1078, 1082, 1083, 1085, 1087, 1091, 1093, 1098, 1171, 1178, 1196, 1199, 1206, 1227, 1231, 1234, 1237, 1243, 1244, 1263, 1281, 1293, 1297, 1300, 1332, 1333, 1335, 1337, 1353, 1387, 1407, 1510, 1523, 1541, 1542, 1548, 1592, 1599, 1621, 1712, 1714, 1717, 1718, 1730, 1735, 1736, 1738, 1741, 1743, 1782, 1789, 1850, 1858, 1993, 1996, 1997, 1998, 2001, 2002, 2217, 2280, 2289, 2499, 2553, 2567, 2575, 2618, 2631, 2662, 2803, 2813, 2876, 2966, 3032, 3088, 3091, 3093, 3099, 3102, 3103, 3119, 3133, 3135, 3162, 3171, 3180, 3196, 3254, 3262, 3280, 3282, 3284, 3289, 3306, 3308, 3309, 3312, 3315, 3332, 3333, 3346, 3347, 3366, 3500, 3511, 3515, 3517, 3518, 3527, 3555, 3602, 3752, 3761, 3791, 3794, 3799, 3800, 3802, 3803, 3828, 3830, 3831, 3858, 3965, 3985, 3988, 3991, 3996, 3997, 4008, 4009, 4014, 4015, 4017, 4040, 4049, 4084, 4109, 4203, 4317, 4319, 4337, 4390, 4396, 4397, 4426, 4428, 4429, 4451, 4521, 4623, 4656, 4703, 4710, 4715, 4720, 4735, 4736, 4740, 4753, 4770, 4782, 4783, 4784, 4797, 4801, 4806, 4809, 4813, 4823, 4825, 4857, 4893, 4895, 4932, 4937, 4939, 4942, 4948, 4955, 4956, 4959, 4996, 5001, 5008, 5009, 5012, 5013, 5018, 5021, 5036, 5056, 5057, 5068, 5074, 5081, 5086, 5097, 5104, 5119, 5122, 5136, 5138, 5143, 5171, 5191, 5238, 5243, 5284, 5295, 5296, 5315, 5320, 5322, 5336, 5385, 5409, 5436, 5444, 5445, 5449, 5540, 5554, 5556, 5558, 5559, 5560, 5647, 5665, 5669, 5794, 5801, 5864, 5873, 5882, 5928, 5931, 5986, 6048, 6097, 6100, 6115, 6163, 
----------------------------

Sphere ID:	6
Radius length: 8.00105
Center point: (-8.68067, -7.68898, -6.71715)
color: (0.988525, 0.165899, 0.147313)
Num faces: 506
faces list: 12, 13, 39, 44, 73, 80, 82, 84, 90, 139, 140, 142, 143, 144, 145, 146, 148, 150, 180, 182, 247, 248, 250, 251, 253, 254, 259, 260, 261, 262, 267, 268, 269, 270, 276, 281, 285, 286, 295, 381, 383, 385, 386, 387, 388, 389, 391, 392, 393, 395, 397, 401, 403, 404, 405, 406, 408, 412, 415, 417, 429, 522, 525, 526, 528, 529, 530, 531, 532, 533, 534, 535, 536, 537, 538, 539, 541, 542, 544, 546, 547, 548, 549, 550, 551, 552, 557, 564, 572, 578, 669, 670, 671, 672, 673, 674, 677, 678, 679, 680, 681, 683, 686, 687, 688, 690, 691, 694, 695, 696, 697, 698, 700, 701, 703, 704, 705, 709, 710, 712, 719, 812, 814, 820, 823, 825, 826, 833, 834, 837, 838, 841, 846, 854, 858, 859, 869, 870, 875, 881, 953, 955, 961, 965, 968, 969, 972, 973, 976, 979, 980, 981, 984, 985, 988, 990, 994, 997, 1001, 1002, 1076, 1086, 1092, 1097, 1099, 1106, 1107, 1109, 1110, 1113, 1122, 1132, 1154, 1201, 1204, 1205, 1218, 1229, 1260, 1262, 1280, 1303, 1305, 1317, 1319, 1320, 1329, 1334, 1347, 1348, 1361, 1369, 1371, 1391, 1529, 1533, 1537, 1545, 1556, 1560, 1580, 1590, 1606, 1608, 1637, 1639, 1642, 1645, 1653, 1666, 1667, 1670, 1671, 1672, 1673, 1681, 1688, 1694, 1700, 1702, 1703, 1705, 1706, 1709, 1710, 1746, 1748, 1749, 1758, 1766, 1824, 1845, 1909, 1926, 1962, 2069, 2100, 2141, 2147, 2246, 2282, 2313, 2354, 2399, 2447, 2483, 2638, 2705, 2706, 2723, 2799, 2802, 2846, 2878, 2899, 3014, 3037, 3051, 3118, 3122, 3160, 3209, 3219, 3225, 3237, 3238, 3256, 3310, 3334, 3335, 3336, 3338, 3339, 3340, 3341, 3342, 3343, 3363, 3365, 3368, 3369, 3370, 3371, 3372, 3373, 3374, 3377, 3395, 3396, 3398, 3400, 3402, 3403, 3406, 3407, 3426, 3430, 3440, 3443, 3450, 3458, 3463, 3482, 3486, 3489, 3516, 3520, 3522, 3541, 3542, 3545, 3546, 3594, 3595, 3612, 3631, 3696, 3713, 3753, 3764, 3778, 3801, 3822, 3823, 3825, 3844, 3853, 3854, 3855, 3877, 3879, 3882, 3905, 3909, 3921, 3958, 3961, 3964, 4024, 4053, 4206, 4207, 4210, 4219, 4231, 4232, 4238, 4257, 4335, 4341, 4345, 4363, 4368, 4388, 4420, 4421, 4439, 4450, 4498, 4519, 4523, 4524, 4525, 4529, 4534, 4536, 4544, 4545, 4615, 4616, 4617, 4620, 4622, 4624, 4626, 4628, 4630, 4633, 4635, 4637, 4640, 4641, 4643, 4648, 4694, 4709, 4711, 4712, 4714, 4716, 4718, 4719, 4721, 4723, 4724, 4726, 4727, 4730, 4799, 4805, 4808, 4814, 4815, 4818, 4822, 4894, 4896, 4898, 4899, 4900, 4938, 4954, 4999, 5000, 5003, 5014, 5015, 5016, 5105, 5116, 5117, 5123, 5128, 5130, 5135, 5139, 5150, 5154, 5156, 5157, 5166, 5176, 5179, 5212, 5253, 5260, 5266, 5276, 5324, 5327, 5332, 5378, 5391, 5392, 5393, 5396, 5397, 5398, 5406, 5411, 5418, 5420, 5421, 5426, 5427, 5429, 5437, 5469, 5479, 5484, 5490, 5505, 5528, 5580, 5596, 5613, 5660, 5677, 5713, 5714, 5743, 5758, 5768, 5787, 5812, 5827, 5829, 5830, 5854, 5875, 5878, 5895, 5920, 5923, 5949, 6006, 6038, 6039, 6040, 6041, 6051, 6074, 6098, 6102, 6104, 6105, 6106, 6109, 6111, 6119, 6161, 6162, 6164, 6165, 6166, 6167, 
----------------------------

Sphere ID:	7
Radius length: 6.99995
Center point: (-2.0968, -8.92167, -13.1822)
color: (0.00466933, 0.119083, 0.445692)
Num faces: 303
faces list: 14, 25, 30, 36, 38, 50, 69, 79, 87, 99, 141, 152, 153, 157, 158, 159, 162, 163, 164, 170, 171, 249, 252, 256, 263, 264, 272, 274, 277, 278, 279, 280, 282, 283, 284, 287, 288, 297, 299, 368, 382, 394, 396, 398, 402, 409, 410, 411, 413, 414, 416, 419, 421, 430, 432, 433, 446, 454, 523, 543, 545, 553, 554, 555, 558, 560, 562, 563, 566, 567, 568, 569, 570, 573, 575, 576, 577, 579, 589, 590, 655, 684, 689, 692, 693, 699, 706, 707, 711, 713, 714, 716, 720, 721, 722, 723, 725, 727, 734, 738, 765, 819, 822, 827, 828, 829, 830, 831, 836, 839, 840, 842, 847, 849, 851, 853, 856, 857, 860, 867, 868, 872, 876, 882, 900, 910, 956, 960, 963, 971, 993, 1014, 1025, 1100, 1108, 1124, 1136, 1198, 1200, 1221, 1226, 1242, 1261, 1321, 1555, 1578, 1579, 1584, 1586, 1613, 1616, 1636, 1638, 1652, 1687, 1799, 1809, 1828, 1895, 1918, 1938, 2006, 2018, 2021, 2030, 2169, 2356, 2375, 2381, 2414, 2457, 2463, 2482, 2495, 2532, 2542, 2566, 2568, 2592, 2614, 2639, 2640, 2661, 2681, 2698, 2712, 2718, 2758, 2779, 2797, 2992, 3052, 3056, 3172, 3188, 3199, 3265, 3278, 3287, 3307, 3311, 3427, 3429, 3457, 3481, 3528, 3614, 3688, 3699, 3743, 3814, 3847, 3890, 3941, 3949, 4156, 4200, 4208, 4209, 4235, 4242, 4276, 4299, 4318, 4326, 4351, 4395, 4407, 4430, 4436, 4444, 4448, 4470, 4479, 4488, 4518, 4531, 4537, 4540, 4541, 4542, 4543, 4549, 4554, 4556, 4619, 4634, 4638, 4642, 4645, 4647, 4649, 4650, 4654, 4657, 4673, 4728, 4731, 4810, 4816, 4881, 4972, 5145, 5167, 5169, 5182, 5241, 5313, 5403, 5412, 5465, 5471, 5482, 5489, 5549, 5555, 5595, 5658, 5680, 5712, 5733, 5748, 5772, 5783, 5803, 5843, 5983, 6000, 6002, 6050, 6054, 6058, 6059, 6060, 6061, 6101, 6103, 6107, 6112, 6113, 6118, 6125, 6158, 
----------------------------

Sphere ID:	8
Radius length: 7.00247
Center point: (1.11654, -7.69521, -14.6516)
color: (0.531663, 0.37788, 0.0089114)
Num faces: 268
faces list: 16, 27, 42, 54, 57, 78, 85, 86, 102, 104, 107, 147, 149, 154, 155, 160, 166, 167, 168, 169, 172, 173, 174, 175, 193, 194, 196, 240, 266, 271, 275, 289, 290, 291, 292, 293, 294, 296, 298, 301, 303, 305, 306, 307, 309, 310, 311, 312, 320, 422, 423, 425, 426, 427, 428, 431, 434, 435, 436, 437, 438, 439, 442, 443, 444, 447, 449, 462, 540, 559, 561, 571, 580, 581, 582, 583, 584, 585, 586, 587, 588, 591, 592, 593, 594, 595, 607, 609, 610, 654, 682, 685, 715, 717, 718, 728, 732, 733, 736, 739, 745, 748, 752, 755, 766, 809, 871, 883, 884, 885, 890, 891, 896, 914, 924, 999, 1012, 1013, 1038, 1095, 1117, 1128, 1151, 1236, 1238, 1241, 1259, 1274, 1349, 1467, 1553, 1557, 1631, 1663, 1732, 1767, 2007, 2116, 2173, 2239, 2292, 2363, 2418, 2504, 2533, 2960, 3009, 3251, 3281, 3571, 3575, 3717, 3757, 3963, 4016, 4108, 4114, 4153, 4215, 4271, 4281, 4290, 4321, 4332, 4342, 4343, 4378, 4392, 4400, 4401, 4404, 4423, 4433, 4441, 4442, 4446, 4449, 4454, 4457, 4460, 4473, 4486, 4501, 4510, 4520, 4526, 4539, 4548, 4551, 4553, 4555, 4557, 4559, 4562, 4566, 4572, 4573, 4602, 4629, 4632, 4644, 4651, 4653, 4659, 4660, 4668, 4670, 4759, 4771, 4906, 4946, 5100, 5131, 5134, 5158, 5165, 5174, 5246, 5257, 5277, 5303, 5335, 5416, 5428, 5441, 5447, 5496, 5506, 5521, 5637, 5756, 5795, 5847, 5858, 5866, 5877, 5889, 5935, 5968, 5972, 5993, 5994, 6007, 6013, 6015, 6026, 6029, 6043, 6049, 6056, 6057, 6066, 6067, 6108, 6114, 6116, 6117, 6120, 6121, 6124, 6126, 6127, 6129, 6130, 6131, 6135, 6170, 6171, 
----------------------------

Sphere ID:	9
Radius length: 8.0011
Center point: (20.4121, -7.74748, 0.741336)
color: (0.607166, 0.601764, 0.571184)
Num faces: 440
faces list: 18, 24, 28, 35, 121, 135, 207, 210, 236, 246, 357, 367, 370, 372, 460, 498, 508, 513, 636, 657, 771, 779, 794, 802, 805, 920, 932, 934, 935, 937, 948, 949, 1008, 1011, 1065, 1073, 1080, 1103, 1112, 1114, 1120, 1127, 1143, 1145, 1147, 1148, 1149, 1161, 1162, 1163, 1165, 1166, 1168, 1169, 1185, 1186, 1187, 1189, 1193, 1197, 1211, 1214, 1216, 1219, 1220, 1224, 1225, 1247, 1249, 1254, 1266, 1267, 1268, 1269, 1278, 1282, 1292, 1298, 1307, 1358, 1363, 1368, 1379, 1410, 1428, 1431, 1436, 1438, 1442, 1449, 1456, 1474, 1494, 1503, 1527, 1569, 1570, 1576, 1583, 1589, 1597, 1604, 1612, 1623, 1626, 1630, 1647, 1648, 1654, 1657, 1660, 1661, 1664, 1669, 1680, 1684, 1686, 1692, 1695, 1708, 1711, 1713, 1720, 1721, 1724, 1728, 1777, 1800, 1802, 1810, 1813, 1829, 1835, 1840, 1843, 1857, 1919, 1944, 1952, 1961, 1966, 1987, 2019, 2073, 2077, 2120, 2124, 2191, 2258, 2259, 2262, 2269, 2270, 2271, 2274, 2357, 2389, 2400, 2401, 2404, 2406, 2410, 2419, 2526, 2538, 2543, 2549, 2550, 2551, 2560, 2573, 2578, 2651, 2652, 2667, 2675, 2676, 2682, 2683, 2687, 2688, 2689, 2690, 2693, 2694, 2699, 2782, 2795, 2800, 2809, 2811, 2812, 2817, 2825, 2827, 2828, 2829, 2830, 2831, 2833, 2839, 2841, 2845, 2902, 2910, 2912, 2913, 2918, 2926, 2935, 2936, 2937, 2938, 2944, 2950, 2953, 3026, 3034, 3068, 3069, 3071, 3143, 3185, 3192, 3197, 3224, 3227, 3228, 3232, 3233, 3234, 3250, 3258, 3259, 3264, 3269, 3276, 3290, 3303, 3319, 3320, 3321, 3322, 3323, 3324, 3325, 3326, 3327, 3348, 3353, 3354, 3355, 3357, 3358, 3359, 3360, 3361, 3378, 3379, 3380, 3381, 3383, 3384, 3385, 3386, 3387, 3388, 3409, 3413, 3414, 3415, 3416, 3418, 3436, 3438, 3441, 3449, 3465, 3485, 3495, 3499, 3523, 3531, 3540, 3657, 3666, 3707, 3736, 3756, 3760, 3762, 3786, 3789, 3807, 3813, 3815, 3816, 3817, 3821, 3836, 3838, 3840, 3841, 3842, 3843, 3845, 3863, 3866, 3868, 3876, 3891, 3892, 3894, 3896, 3908, 3918, 3923, 3924, 3926, 3930, 3934, 3974, 4033, 4062, 4064, 4095, 4140, 4141, 4147, 4199, 4204, 4214, 4225, 4234, 4258, 4280, 4284, 4300, 4303, 4308, 4310, 4311, 4409, 4434, 4443, 4458, 4461, 4500, 4583, 4585, 4631, 4639, 4706, 4940, 4988, 5004, 5110, 5121, 5149, 5175, 5255, 5256, 5262, 5263, 5264, 5270, 5271, 5272, 5273, 5278, 5280, 5289, 5293, 5302, 5305, 5311, 5334, 5356, 5395, 5400, 5405, 5407, 5408, 5413, 5417, 5423, 5425, 5435, 5440, 5442, 5448, 5452, 5453, 5462, 5474, 5493, 5501, 5502, 5503, 5529, 5531, 5537, 5539, 5570, 5581, 5606, 5610, 5611, 5614, 5615, 5618, 5643, 5644, 5648, 5649, 5650, 5652, 5655, 5694, 5739, 5741, 5800, 5809, 5811, 5814, 5818, 5819, 5844, 5846, 5850, 5868, 5874, 5900, 5913, 5958, 5965, 5970, 5979, 6028, 6089, 
----------------------------

Sphere ID:	10
Radius length: 8.00011
Center point: (16.8212, -8.09296, -9.11685)
color: (0.450789, 0.663045, 0.166234)
Num faces: 481
faces list: 20, 21, 22, 23, 26, 32, 33, 46, 48, 52, 59, 60, 65, 68, 71, 93, 101, 105, 106, 110, 111, 113, 114, 116, 118, 120, 122, 124, 125, 126, 128, 129, 130, 151, 161, 202, 209, 211, 212, 213, 214, 217, 218, 220, 222, 223, 231, 232, 233, 235, 241, 242, 243, 314, 317, 325, 335, 338, 346, 347, 349, 353, 356, 359, 360, 361, 363, 364, 369, 371, 376, 379, 400, 448, 452, 457, 466, 468, 475, 492, 494, 495, 499, 500, 503, 504, 506, 516, 520, 611, 616, 618, 626, 629, 631, 633, 634, 635, 638, 641, 642, 643, 646, 647, 653, 660, 665, 666, 749, 757, 767, 772, 773, 775, 776, 778, 782, 783, 784, 786, 787, 789, 790, 792, 793, 796, 797, 808, 810, 855, 873, 874, 877, 892, 906, 908, 909, 911, 913, 916, 917, 922, 925, 929, 930, 941, 946, 1020, 1039, 1045, 1048, 1052, 1053, 1057, 1059, 1060, 1066, 1069, 1074, 1079, 1081, 1096, 1102, 1104, 1115, 1125, 1129, 1155, 1160, 1167, 1172, 1177, 1181, 1183, 1202, 1209, 1217, 1245, 1246, 1251, 1253, 1265, 1271, 1272, 1275, 1283, 1286, 1291, 1296, 1299, 1301, 1302, 1310, 1312, 1315, 1373, 1378, 1416, 1434, 1440, 1492, 1546, 1573, 1574, 1575, 1581, 1588, 1600, 1602, 1605, 1628, 1643, 1665, 1668, 1690, 1739, 1756, 1770, 1773, 1785, 1793, 1798, 1811, 1817, 1832, 1837, 1838, 1839, 1862, 2020, 2024, 2029, 2033, 2072, 2098, 2128, 2166, 2170, 2189, 2268, 2294, 2398, 2429, 2450, 2472, 2481, 2524, 2686, 2709, 2717, 2756, 2762, 2786, 2807, 2808, 2823, 2836, 2843, 2957, 3025, 3065, 3079, 3146, 3147, 3157, 3173, 3229, 3245, 3293, 3295, 3296, 3300, 3302, 3382, 3408, 3410, 3421, 3442, 3445, 3447, 3448, 3453, 3490, 3525, 3576, 3584, 3646, 3647, 3654, 3655, 3667, 3731, 3755, 3779, 3812, 3827, 3835, 3839, 3848, 3857, 3870, 3871, 3872, 3874, 3875, 3903, 3904, 3910, 3945, 3981, 4069, 4074, 4075, 4097, 4149, 4212, 4236, 4241, 4245, 4247, 4261, 4264, 4272, 4275, 4286, 4296, 4305, 4306, 4307, 4327, 4358, 4365, 4370, 4372, 4376, 4382, 4385, 4386, 4398, 4403, 4405, 4411, 4415, 4459, 4468, 4478, 4481, 4491, 4493, 4494, 4495, 4499, 4502, 4503, 4507, 4584, 4587, 4591, 4592, 4593, 4594, 4596, 4597, 4601, 4607, 4609, 4610, 4611, 4676, 4677, 4679, 4682, 4683, 4685, 4686, 4688, 4691, 4692, 4693, 4697, 4698, 4699, 4700, 4702, 4708, 4935, 4992, 4997, 5007, 5026, 5048, 5063, 5099, 5111, 5132, 5162, 5181, 5203, 5207, 5248, 5261, 5268, 5339, 5340, 5363, 5369, 5384, 5386, 5394, 5399, 5472, 5477, 5481, 5509, 5519, 5523, 5557, 5590, 5597, 5608, 5635, 5668, 5671, 5700, 5715, 5718, 5765, 5782, 5788, 5802, 5841, 5865, 5885, 5894, 5901, 5905, 5912, 5917, 5918, 5933, 5939, 5941, 5945, 5948, 5952, 5955, 5961, 5962, 5974, 5975, 5988, 5989, 5996, 5999, 6005, 6017, 6020, 6025, 6031, 6034, 6036, 6077, 6082, 6083, 6088, 6093, 6095, 6140, 6143, 6145, 6146, 6147, 6148, 6150, 6151, 6152, 6153, 6154, 6155, 6168, 6169, 
----------------------------

Sphere ID:	11
Radius length: 6.9998
Center point: (18.365, -8.85661, -8.01193)
color: (0.607685, 0.0570391, 0.352123)
Num faces: 108
faces list: 165, 373, 374, 375, 378, 487, 496, 501, 505, 507, 509, 515, 519, 596, 640, 645, 652, 656, 658, 659, 661, 662, 663, 758, 785, 788, 798, 801, 803, 804, 806, 807, 811, 921, 926, 927, 933, 936, 939, 940, 944, 945, 947, 992, 1000, 1033, 1072, 1075, 1084, 1207, 1212, 1270, 1327, 1422, 1572, 1603, 1620, 1629, 1634, 1662, 1693, 1719, 1888, 2014, 2067, 2139, 2143, 2309, 2563, 2776, 3299, 3301, 3317, 3349, 3362, 3389, 3391, 3405, 3412, 3420, 3467, 3473, 3496, 3662, 3665, 3900, 3901, 4183, 4255, 4292, 4424, 4511, 4690, 4696, 5224, 5286, 5366, 5390, 5401, 5424, 5485, 5607, 5711, 5726, 5750, 5888, 5907, 6156, 
----------------------------

Sphere ID:	12
Radius length: 5.00058
Center point: (12.8767, -9.62661, -14.6247)
color: (0.519883, 0.802606, 0.783319)
Num faces: 56
faces list: 205, 450, 455, 474, 480, 484, 598, 606, 623, 624, 637, 740, 751, 756, 764, 768, 769, 770, 781, 893, 898, 907, 918, 919, 951, 1055, 1064, 1174, 1289, 1388, 1490, 1562, 1823, 1836, 1842, 2888, 3043, 3125, 3375, 3392, 3417, 3578, 3902, 3948, 4089, 4162, 4182, 4294, 4418, 4725, 4991, 5282, 5737, 6045, 6085, 6141, 
----------------------------

Sphere ID:	13
Radius length: 6.00004
Center point: (-8.46241, -5.47448, -6.43718)
color: (0.726676, 0.875973, 0.30195)
Num faces: 15
faces list: 255, 1094, 1336, 1406, 1564, 1784, 4323, 4613, 4614, 5114, 5168, 5192, 5223, 5237, 5980, 
----------------------------

Sphere ID:	14
Radius length: 7.99856
Center point: (1.64345, -7.7397, 14.6991)
color: (0.539354, 0.925718, 0.955901)
Num faces: 455
faces list: 355, 664, 818, 865, 1133, 1137, 1156, 1485, 1497, 1500, 1517, 1535, 1538, 1565, 1625, 1627, 1655, 1659, 1682, 1699, 1733, 1745, 1747, 1754, 1757, 1759, 1761, 1762, 1765, 1768, 1774, 1776, 1778, 1783, 1788, 1791, 1801, 1815, 1821, 1882, 1885, 1886, 1900, 1902, 1904, 1906, 1910, 1911, 1912, 1913, 1914, 1915, 1916, 1920, 1921, 1922, 1924, 1925, 1928, 1930, 1935, 1937, 1946, 1947, 1950, 2008, 2022, 2023, 2025, 2036, 2037, 2038, 2041, 2042, 2043, 2044, 2045, 2049, 2051, 2052, 2053, 2054, 2055, 2057, 2058, 2059, 2061, 2062, 2068, 2074, 2075, 2076, 2078, 2083, 2087, 2089, 2090, 2162, 2178, 2179, 2181, 2184, 2185, 2186, 2187, 2188, 2192, 2193, 2197, 2198, 2199, 2200, 2204, 2205, 2206, 2207, 2208, 2211, 2223, 2224, 2227, 2278, 2316, 2317, 2318, 2321, 2322, 2325, 2326, 2327, 2328, 2329, 2330, 2332, 2335, 2336, 2337, 2338, 2339, 2341, 2342, 2343, 2344, 2345, 2346, 2349, 2350, 2351, 2352, 2353, 2355, 2359, 2453, 2461, 2462, 2464, 2469, 2471, 2473, 2474, 2475, 2476, 2477, 2478, 2479, 2480, 2488, 2489, 2491, 2494, 2500, 2570, 2595, 2596, 2597, 2601, 2606, 2608, 2610, 2611, 2613, 2615, 2616, 2619, 2620, 2621, 2633, 2646, 2710, 2713, 2714, 2726, 2728, 2730, 2738, 2745, 2747, 2748, 2749, 2760, 2761, 2763, 2764, 2765, 2772, 2773, 2784, 2794, 2810, 2824, 2858, 2859, 2862, 2863, 2864, 2867, 2871, 2872, 2874, 2881, 2882, 2886, 2887, 2889, 2890, 2893, 2895, 2929, 2959, 2962, 2963, 2965, 2967, 2968, 2980, 2983, 2984, 2987, 2995, 2996, 2997, 3002, 3008, 3017, 3022, 3024, 3047, 3048, 3061, 3073, 3078, 3082, 3083, 3085, 3089, 3101, 3123, 3131, 3139, 3170, 3183, 3184, 3186, 3189, 3195, 3214, 3255, 3273, 3277, 3314, 3337, 3351, 3401, 3419, 3423, 3425, 3432, 3433, 3439, 3444, 3452, 3455, 3456, 3459, 3460, 3462, 3480, 3553, 3626, 3691, 3693, 3695, 3697, 3700, 3701, 3703, 3705, 3709, 3710, 3711, 3712, 3714, 3715, 3716, 3722, 3768, 3777, 3915, 3959, 3978, 3987, 4007, 4019, 4020, 4063, 4085, 4142, 4143, 4144, 4145, 4146, 4151, 4154, 4157, 4159, 4169, 4253, 4293, 4295, 4298, 4302, 4304, 4309, 4313, 4316, 4322, 4324, 4325, 4329, 4331, 4340, 4348, 4352, 4354, 4371, 4464, 4483, 4487, 4489, 4492, 4505, 4506, 4515, 4522, 4575, 4590, 4600, 4755, 4756, 4804, 4831, 4869, 4897, 4951, 4966, 5052, 5147, 5155, 5189, 5215, 5252, 5422, 5454, 5464, 5470, 5476, 5492, 5508, 5524, 5530, 5547, 5552, 5571, 5572, 5575, 5592, 5594, 5598, 5602, 5622, 5625, 5626, 5630, 5633, 5634, 5636, 5640, 5641, 5645, 5666, 5667, 5670, 5675, 5683, 5686, 5708, 5716, 5719, 5720, 5722, 5723, 5724, 5725, 5731, 5736, 5746, 5752, 5769, 5771, 5773, 5774, 5775, 5776, 5780, 5792, 5821, 5828, 5838, 5840, 5845, 5851, 5852, 5896, 5902, 5909, 5910, 5911, 5915, 5916, 5919, 5922, 5924, 5940, 5950, 5995, 6009, 6024, 6027, 6037, 6042, 6046, 6052, 6075, 6078, 6084, 
----------------------------

Sphere ID:	15
Radius length: 7.00313
Center point: (9.15057, -8.29798, 13.8864)
color: (0.235328, 0.462081, 0.142338)
Num faces: 357
faces list: 399, 743, 861, 1101, 1131, 1146, 1284, 1365, 1496, 1563, 1571, 1577, 1591, 1618, 1635, 1644, 1651, 1679, 1685, 1691, 1750, 1772, 1775, 1779, 1803, 1806, 1807, 1808, 1812, 1814, 1816, 1818, 1820, 1923, 1931, 1940, 1941, 1943, 1951, 1956, 1958, 1959, 1964, 1980, 2060, 2063, 2066, 2070, 2079, 2080, 2081, 2082, 2084, 2086, 2088, 2091, 2096, 2097, 2102, 2104, 2118, 2133, 2190, 2195, 2201, 2202, 2209, 2210, 2212, 2213, 2215, 2216, 2218, 2219, 2220, 2221, 2222, 2225, 2228, 2229, 2231, 2232, 2233, 2234, 2238, 2241, 2245, 2333, 2340, 2347, 2358, 2360, 2361, 2364, 2365, 2366, 2367, 2368, 2369, 2370, 2374, 2378, 2380, 2384, 2465, 2470, 2487, 2490, 2492, 2496, 2498, 2502, 2503, 2507, 2508, 2509, 2510, 2514, 2516, 2517, 2518, 2584, 2599, 2609, 2622, 2624, 2625, 2628, 2629, 2630, 2632, 2634, 2649, 2656, 2657, 2659, 2660, 2663, 2664, 2696, 2702, 2721, 2722, 2724, 2740, 2742, 2744, 2752, 2753, 2767, 2768, 2771, 2775, 2777, 2778, 2780, 2781, 2791, 2793, 2801, 2804, 2805, 2806, 2820, 2844, 2849, 2850, 2851, 2854, 2855, 2861, 2865, 2875, 2877, 2885, 2892, 2897, 2903, 2904, 2907, 2908, 2911, 2917, 2921, 2933, 2939, 2946, 2947, 2951, 2952, 2956, 2971, 2985, 2986, 3000, 3003, 3036, 3040, 3055, 3058, 3062, 3063, 3064, 3066, 3070, 3074, 3076, 3077, 3080, 3084, 3244, 3257, 3261, 3263, 3271, 3275, 3279, 3283, 3285, 3292, 3294, 3298, 3469, 3591, 3676, 3677, 3680, 3685, 3686, 3687, 3689, 3690, 3692, 3694, 3702, 3704, 3708, 3730, 3751, 3785, 3873, 3884, 3919, 3935, 3942, 3954, 3960, 3969, 3975, 3984, 3986, 3989, 3990, 3995, 3999, 4000, 4002, 4010, 4048, 4056, 4228, 4240, 4262, 4267, 4268, 4273, 4274, 4278, 4282, 4285, 4289, 4462, 4466, 4469, 4471, 4472, 4475, 4480, 4484, 4538, 4561, 4743, 4802, 4819, 4915, 4920, 4925, 4964, 5028, 5039, 5221, 5325, 5326, 5338, 5404, 5461, 5478, 5495, 5511, 5512, 5514, 5532, 5533, 5586, 5588, 5589, 5591, 5593, 5599, 5601, 5604, 5612, 5616, 5619, 5627, 5628, 5631, 5646, 5657, 5661, 5673, 5678, 5682, 5703, 5704, 5705, 5706, 5707, 5709, 5710, 5721, 5754, 5766, 5767, 5770, 5777, 5808, 5823, 5825, 5832, 5833, 5834, 5836, 5837, 5839, 5849, 5856, 5867, 5892, 5897, 5898, 5908, 5985, 6004, 6016, 6021, 6055, 
----------------------------

Sphere ID:	16
Radius length: 7.99745
Center point: (15.7229, -8.51015, 10.7395)
color: (0.779656, 0.209601, 0.862239)
Num faces: 442
faces list: 473, 556, 1116, 1164, 1188, 1190, 1192, 1213, 1273, 1287, 1290, 1381, 1437, 1550, 1587, 1622, 1646, 1649, 1696, 1704, 1786, 1787, 1796, 1804, 1805, 1822, 1826, 1830, 1831, 1833, 1834, 1841, 1846, 1859, 1869, 1892, 1899, 1932, 1934, 1936, 1949, 1953, 1954, 1963, 1968, 1970, 1972, 1973, 1981, 1985, 2047, 2071, 2085, 2093, 2094, 2095, 2101, 2103, 2105, 2106, 2107, 2108, 2111, 2112, 2114, 2119, 2122, 2123, 2129, 2194, 2230, 2236, 2237, 2240, 2242, 2243, 2244, 2248, 2250, 2251, 2252, 2253, 2255, 2256, 2257, 2260, 2261, 2264, 2265, 2372, 2373, 2376, 2377, 2379, 2382, 2383, 2385, 2386, 2388, 2390, 2391, 2392, 2393, 2394, 2395, 2397, 2403, 2405, 2407, 2411, 2458, 2468, 2501, 2505, 2506, 2511, 2513, 2515, 2519, 2520, 2521, 2522, 2525, 2528, 2531, 2536, 2537, 2540, 2541, 2544, 2545, 2552, 2623, 2627, 2635, 2636, 2641, 2642, 2645, 2648, 2650, 2653, 2665, 2666, 2669, 2671, 2672, 2673, 2674, 2677, 2678, 2680, 2684, 2685, 2691, 2695, 2703, 2707, 2716, 2727, 2729, 2737, 2759, 2769, 2774, 2787, 2788, 2792, 2814, 2815, 2816, 2818, 2819, 2822, 2826, 2832, 2834, 2835, 2837, 2838, 2840, 2847, 2853, 2909, 2914, 2915, 2916, 2919, 2920, 2922, 2923, 2924, 2925, 2927, 2928, 2930, 2931, 2932, 2934, 2940, 2943, 2945, 2949, 2961, 3013, 3019, 3021, 3028, 3029, 3030, 3031, 3033, 3035, 3038, 3039, 3041, 3042, 3044, 3045, 3046, 3049, 3050, 3053, 3054, 3057, 3059, 3060, 3067, 3072, 3075, 3095, 3182, 3201, 3202, 3236, 3239, 3241, 3242, 3243, 3249, 3252, 3253, 3260, 3267, 3270, 3274, 3291, 3297, 3376, 3404, 3530, 3532, 3536, 3628, 3639, 3651, 3658, 3659, 3660, 3661, 3663, 3664, 3668, 3669, 3670, 3671, 3672, 3675, 3678, 3682, 3684, 3698, 3728, 3733, 3758, 3805, 3865, 3895, 3897, 3899, 3907, 3912, 3920, 3922, 3927, 3928, 3929, 3933, 3936, 3938, 3944, 3946, 3947, 3950, 3951, 3952, 3953, 3970, 3971, 3972, 3973, 3976, 3977, 3979, 3980, 3982, 4167, 4176, 4202, 4205, 4216, 4221, 4223, 4224, 4227, 4229, 4233, 4237, 4239, 4243, 4244, 4246, 4251, 4252, 4256, 4259, 4260, 4266, 4283, 4301, 4333, 4422, 4427, 4432, 4440, 4445, 4452, 4453, 4455, 4467, 4477, 4530, 4807, 4812, 4817, 4824, 4850, 4855, 4868, 4871, 4884, 4926, 4943, 4947, 4962, 4963, 4994, 5062, 5146, 5275, 5281, 5292, 5301, 5318, 5467, 5487, 5517, 5520, 5538, 5542, 5546, 5553, 5563, 5564, 5566, 5567, 5568, 5569, 5579, 5582, 5584, 5585, 5587, 5609, 5617, 5620, 5621, 5623, 5624, 5651, 5653, 5654, 5656, 5659, 5663, 5664, 5674, 5690, 5691, 5695, 5697, 5698, 5701, 5702, 5744, 5747, 5760, 5761, 5762, 5763, 5764, 5798, 5813, 5815, 5817, 5822, 5824, 5826, 5831, 5876, 5879, 5880, 5881, 5883, 5884, 5887, 5891, 5899, 5904, 5927, 5943, 5947, 5976, 5977, 5981, 5982, 5987, 5990, 5992, 5998, 6099, 6144, 
----------------------------

Sphere ID:	17
Radius length: 7.99794
Center point: (-5.42192, -7.99581, 10.9221)
color: (0.999695, 0.996796, 0.843654)
Num faces: 367
faces list: 511, 1089, 1135, 1203, 1256, 1258, 1295, 1477, 1483, 1487, 1499, 1520, 1551, 1593, 1598, 1610, 1615, 1640, 1650, 1656, 1707, 1723, 1725, 1726, 1740, 1742, 1744, 1792, 1847, 1853, 1855, 1856, 1861, 1865, 1866, 1872, 1876, 1877, 1878, 1879, 1881, 1884, 1889, 1890, 1891, 1893, 1894, 1897, 1898, 1901, 1903, 1907, 1908, 1927, 1988, 1992, 2004, 2009, 2010, 2015, 2016, 2017, 2026, 2027, 2028, 2031, 2032, 2034, 2035, 2039, 2040, 2048, 2050, 2056, 2140, 2149, 2150, 2151, 2152, 2154, 2157, 2158, 2160, 2161, 2163, 2164, 2165, 2167, 2171, 2172, 2174, 2175, 2176, 2177, 2180, 2182, 2183, 2287, 2295, 2296, 2297, 2298, 2299, 2300, 2301, 2302, 2304, 2305, 2306, 2307, 2308, 2310, 2312, 2314, 2315, 2320, 2323, 2324, 2331, 2334, 2426, 2427, 2430, 2432, 2442, 2444, 2445, 2448, 2449, 2451, 2452, 2454, 2455, 2456, 2459, 2460, 2466, 2467, 2486, 2565, 2569, 2571, 2572, 2576, 2582, 2586, 2588, 2589, 2590, 2591, 2593, 2603, 2604, 2607, 2700, 2708, 2711, 2725, 2731, 2733, 2734, 2735, 2739, 2743, 2746, 2750, 2751, 2755, 2796, 2848, 2852, 2857, 2860, 2866, 2868, 2869, 2870, 2873, 2880, 2884, 2891, 2900, 2942, 2955, 2973, 2974, 2976, 2981, 2988, 2994, 2998, 2999, 3005, 3006, 3007, 3010, 3011, 3012, 3018, 3027, 3092, 3108, 3187, 3198, 3200, 3206, 3210, 3216, 3217, 3221, 3288, 3411, 3428, 3454, 3461, 3464, 3466, 3468, 3470, 3472, 3474, 3475, 3476, 3477, 3479, 3487, 3488, 3491, 3494, 3498, 3503, 3718, 3719, 3723, 3725, 3726, 3727, 3729, 3732, 3734, 3735, 3738, 3740, 3741, 3744, 3747, 3748, 3749, 3763, 3765, 3766, 3770, 3798, 3911, 3916, 3993, 3994, 4155, 4160, 4165, 4168, 4170, 4171, 4172, 4173, 4174, 4175, 4177, 4178, 4179, 4181, 4185, 4186, 4189, 4195, 4196, 4328, 4330, 4338, 4344, 4346, 4355, 4356, 4361, 4364, 4369, 4375, 4380, 4383, 4384, 4476, 4497, 4517, 4532, 4533, 4552, 4558, 4571, 4580, 4595, 4598, 4612, 4636, 4741, 4800, 4836, 4949, 4950, 5065, 5069, 5072, 5152, 5170, 5193, 5258, 5259, 5265, 5274, 5300, 5414, 5415, 5475, 5574, 5578, 5603, 5605, 5629, 5638, 5672, 5676, 5679, 5681, 5685, 5727, 5729, 5730, 5778, 5779, 5781, 5784, 5786, 5789, 5790, 5791, 5853, 5855, 5857, 5859, 5860, 5861, 5863, 5914, 5926, 5929, 5930, 5934, 5944, 5946, 5951, 5956, 5959, 6008, 6030, 6032, 6071, 6072, 6080, 
----------------------------

Sphere ID:	18
Radius length: 6.00218
Center point: (20.5389, -7.42625, 6.7225)
color: (0.266213, 0.392438, 0.611499)
Num faces: 123
faces list: 952, 1158, 1159, 1170, 1195, 1228, 1230, 1248, 1250, 1341, 1633, 1971, 1974, 1975, 1984, 1989, 1990, 2099, 2109, 2113, 2125, 2130, 2132, 2159, 2247, 2263, 2266, 2272, 2273, 2402, 2408, 2409, 2412, 2413, 2417, 2439, 2529, 2530, 2546, 2547, 2554, 2555, 2556, 2557, 2644, 2654, 2670, 2679, 2692, 2821, 2948, 2958, 3181, 3191, 3193, 3230, 3231, 3235, 3240, 3246, 3247, 3248, 3434, 3521, 3524, 3529, 3781, 3782, 3784, 3788, 3806, 3819, 3820, 3846, 3864, 3867, 3869, 3881, 3893, 3898, 3906, 3917, 3932, 4137, 4148, 4201, 4213, 4217, 4218, 4410, 4416, 4845, 4953, 4958, 5047, 5290, 5291, 5310, 5312, 5337, 5457, 5459, 5504, 5544, 5562, 5565, 5583, 5639, 5692, 5696, 5699, 5742, 5745, 5755, 5757, 5759, 5806, 5810, 5816, 5820, 5871, 5872, 5969, 
----------------------------
