

===============================================
Model name: 	camel_head_lower_8K
Num Faces: 	8548
Num Vertices: 	4303
Num polygons: 	43
-----------------------List of polygons:
===============================================



Polygon ID:	0
color: (0.193304, 0.563585, 0.00125126)
Num faces: 224
faces list: 0, 40, 172, 450, 461, 478, 699, 729, 1010, 1034, 1059, 1113, 1167, 1175, 1224, 1225, 1230, 1231, 1383, 1385, 1386, 1415, 1471, 1554, 1559, 1564, 1567, 1568, 1574, 1579, 1580, 1589, 1593, 1595, 1596, 1598, 1599, 1616, 1619, 1623, 1665, 1668, 1669, 1678, 1688, 1689, 1692, 1698, 1699, 1707, 1738, 1743, 1755, 1759, 1762, 1764, 1774, 1799, 1825, 1826, 1828, 1889, 1910, 1942, 1961, 1962, 1978, 1985, 1990, 1993, 2018, 2021, 2045, 2067, 2075, 2194, 2195, 2198, 2199, 2234, 2271, 2277, 2283, 2285, 2286, 2287, 2288, 2304, 2306, 2313, 2316, 2387, 2616, 2709, 2754, 2770, 2794, 2823, 2964, 2979, 2988, 2993, 2995, 3012, 3211, 3237, 3363, 3368, 3371, 3372, 3373, 3375, 3385, 3386, 3388, 3389, 3391, 3392, 3393, 3398, 3407, 3413, 3415, 3417, 3418, 3420, 3421, 3424, 3427, 3433, 3437, 3439, 3444, 3445, 3447, 3456, 3460, 3464, 3466, 4576, 4579, 4613, 4681, 4965, 5141, 5755, 5761, 5766, 5769, 5794, 5826, 5834, 5847, 5849, 5852, 5853, 5860, 5937, 5955, 5971, 5987, 5992, 6033, 6066, 6168, 6170, 6204, 6367, 6377, 6435, 6448, 6511, 6561, 6610, 6663, 6664, 7027, 7066, 7153, 7236, 7243, 7244, 7245, 7249, 7250, 7252, 7253, 7255, 7256, 7258, 7260, 7272, 7273, 7274, 7275, 7286, 7332, 7333, 7334, 7338, 7496, 7497, 7498, 7500, 7503, 7506, 7508, 7510, 7523, 7528, 7530, 7531, 7543, 7555, 7567, 7568, 7570, 7588, 7595, 7598, 7599, 8375, 8376, 8400, 
----------------------------

Polygon ID:	1
color: (0.479873, 0.585009, 0.808741)
Num faces: 821
faces list: 1, 13, 48, 49, 55, 56, 57, 59, 62, 63, 67, 68, 70, 73, 74, 75, 77, 78, 79, 82, 86, 87, 88, 90, 91, 92, 93, 94, 99, 102, 107, 109, 110, 113, 114, 116, 117, 118, 119, 120, 122, 127, 136, 138, 139, 140, 144, 145, 148, 149, 151, 152, 153, 156, 157, 158, 165, 166, 169, 170, 171, 173, 174, 175, 176, 177, 180, 181, 182, 184, 186, 189, 190, 194, 195, 196, 197, 198, 200, 203, 204, 205, 206, 207, 208, 209, 210, 213, 233, 245, 381, 449, 451, 453, 455, 459, 465, 466, 468, 469, 471, 473, 475, 480, 500, 501, 502, 503, 505, 506, 507, 509, 510, 513, 516, 518, 519, 520, 521, 528, 531, 532, 536, 538, 540, 544, 546, 552, 553, 554, 555, 556, 562, 566, 567, 582, 583, 584, 587, 591, 604, 614, 657, 670, 676, 735, 742, 744, 745, 747, 749, 771, 773, 774, 782, 788, 791, 792, 794, 795, 796, 797, 798, 799, 800, 801, 802, 803, 807, 817, 822, 823, 824, 825, 826, 827, 828, 834, 835, 837, 838, 839, 845, 861, 863, 865, 870, 874, 876, 877, 878, 879, 880, 882, 888, 889, 891, 892, 893, 894, 895, 898, 899, 900, 901, 902, 903, 904, 905, 906, 908, 909, 910, 911, 912, 913, 914, 915, 916, 917, 918, 922, 923, 924, 925, 926, 929, 930, 933, 936, 937, 942, 944, 947, 950, 951, 954, 956, 957, 959, 960, 961, 962, 963, 967, 971, 975, 982, 984, 988, 989, 990, 1054, 1091, 1112, 1127, 1147, 1150, 1193, 1214, 1215, 1217, 1223, 1227, 1241, 1243, 1248, 1249, 1259, 1261, 1263, 1270, 1272, 1273, 1275, 1276, 1278, 1280, 1282, 1283, 1288, 1292, 1293, 1295, 1296, 1307, 1308, 1374, 1387, 1414, 1416, 1417, 1442, 1446, 1488, 1501, 1506, 1533, 1695, 1703, 1772, 1777, 1886, 2009, 2040, 2041, 2044, 2046, 2049, 2050, 2051, 2052, 2121, 2416, 2420, 2431, 2433, 2611, 2612, 2614, 2618, 2620, 2621, 2622, 2623, 2626, 2627, 2632, 2638, 2643, 2653, 2668, 2694, 2695, 2736, 2737, 2738, 2740, 2741, 2742, 2743, 2744, 2745, 2747, 2748, 2751, 2761, 2766, 2769, 2773, 2774, 2776, 3039, 3043, 3048, 3082, 3135, 3148, 3353, 3356, 3357, 3358, 3404, 3409, 3454, 3457, 3475, 3478, 3480, 3534, 3548, 3549, 3689, 3693, 3720, 3727, 3728, 3730, 3731, 3733, 3735, 3738, 3740, 3746, 3747, 3748, 3749, 3750, 3751, 3752, 3755, 3757, 3758, 3759, 3760, 3761, 3763, 3764, 3765, 3766, 3767, 3776, 3781, 3784, 3785, 3786, 3795, 3799, 3802, 3803, 3805, 3807, 3811, 3813, 3815, 3816, 3819, 3823, 3830, 3836, 3845, 3847, 3848, 3857, 3889, 3892, 3893, 3897, 3898, 3901, 3906, 3908, 3909, 3910, 3911, 3912, 3933, 3934, 3935, 3938, 3940, 3947, 3950, 3954, 3959, 3960, 3962, 3963, 3964, 3967, 3968, 3969, 3971, 3972, 3975, 3977, 3981, 3982, 3983, 3984, 3986, 3987, 3988, 3990, 3991, 3993, 3994, 3995, 3998, 4000, 4002, 4003, 4007, 4008, 4011, 4015, 4020, 4026, 4028, 4032, 4041, 4043, 4045, 4049, 4050, 4052, 4053, 4054, 4055, 4057, 4061, 4064, 4067, 4068, 4090, 4091, 4092, 4095, 4098, 4100, 4103, 4104, 4107, 4108, 4110, 4112, 4113, 4114, 4116, 4117, 4119, 4121, 4124, 4126, 4128, 4136, 4137, 4138, 4139, 4141, 4142, 4143, 4145, 4146, 4147, 4150, 4151, 4152, 4155, 4156, 4158, 4159, 4160, 4161, 4162, 4163, 4164, 4165, 4166, 4167, 4168, 4171, 4172, 4173, 4174, 4177, 4178, 4179, 4181, 4182, 4183, 4185, 4187, 4188, 4189, 4190, 4191, 4192, 4193, 4194, 4195, 4196, 4197, 4198, 4199, 4202, 4203, 4206, 4211, 4214, 4215, 4220, 4221, 4222, 4223, 4224, 4227, 4228, 4230, 4233, 4234, 4235, 4239, 4241, 4244, 4248, 4253, 4255, 4258, 4262, 4267, 4268, 4284, 4291, 4295, 4301, 4302, 4311, 4315, 4329, 4331, 4337, 4380, 4381, 4382, 4383, 4384, 4385, 4386, 4393, 4394, 4395, 4398, 4405, 4407, 4416, 4492, 4496, 4499, 4500, 4503, 4504, 4505, 4507, 4508, 4510, 4512, 4514, 4515, 4516, 4517, 4518, 4519, 4520, 4521, 4524, 4525, 4526, 4529, 4533, 4542, 4546, 4548, 4549, 4550, 4553, 4595, 4599, 4602, 4604, 4619, 4620, 4625, 4635, 4639, 4646, 4654, 4656, 4674, 4687, 4700, 4775, 4866, 4876, 4879, 4880, 4919, 4921, 4924, 4925, 4929, 4940, 5007, 5088, 5116, 5119, 5121, 5128, 5142, 5168, 5176, 5256, 5269, 5282, 5350, 5351, 5458, 5508, 5527, 5556, 5636, 5753, 5777, 5798, 5887, 5888, 5908, 5960, 5961, 5981, 5982, 5983, 5995, 6002, 6109, 6131, 6158, 6161, 6300, 6306, 6309, 6376, 6473, 6510, 6593, 6594, 6597, 6607, 6608, 6609, 6611, 6614, 6621, 6780, 6818, 6868, 6944, 6968, 6988, 7036, 7056, 7290, 7385, 7386, 7388, 7390, 7391, 7470, 7489, 7594, 7648, 7681, 7707, 7717, 7721, 7761, 7762, 7777, 7786, 7830, 7834, 7842, 7852, 7858, 7872, 7908, 7912, 7940, 7962, 7997, 8013, 8016, 8059, 8142, 8150, 8161, 8163, 8174, 8209, 8219, 8226, 8240, 8257, 8278, 8287, 8292, 8301, 8304, 8306, 8313, 8330, 8338, 8348, 8357, 8358, 8359, 8361, 8363, 8364, 8368, 8390, 8473, 8474, 8475, 8479, 8482, 8486, 8487, 8489, 8490, 8492, 8493, 8494, 8495, 8497, 8498, 8506, 8509, 8510, 8511, 8512, 8513, 8514, 8518, 8519, 8520, 8521, 8528, 8532, 8545, 8546, 
----------------------------

Polygon ID:	2
color: (0.82284, 0.895962, 0.350291)
Num faces: 300
faces list: 2, 54, 131, 387, 574, 590, 593, 625, 829, 1168, 1239, 1244, 1412, 1454, 1456, 1458, 1459, 1460, 1461, 1462, 1463, 1464, 1465, 1466, 1468, 1469, 1470, 1473, 1477, 1479, 1480, 1482, 1483, 1493, 1513, 1516, 1521, 1522, 1528, 1529, 1536, 1537, 1538, 1539, 1541, 1542, 1543, 1546, 1547, 1549, 1551, 1552, 1556, 1571, 1572, 1575, 1576, 1577, 1606, 1607, 1611, 1666, 1672, 1865, 1879, 1929, 1939, 1943, 1945, 1952, 1955, 1956, 1957, 1959, 1960, 1998, 2004, 2020, 2025, 2028, 2033, 2038, 2042, 2056, 2059, 2060, 2062, 2064, 2069, 2071, 2072, 2087, 2172, 2329, 2340, 2368, 2370, 2532, 2562, 2565, 3164, 3354, 3366, 3662, 3684, 3696, 3858, 3868, 3939, 3945, 3956, 3957, 3976, 3997, 4017, 4018, 4109, 4134, 4236, 4742, 4747, 4748, 4749, 4753, 4755, 4756, 4757, 4758, 4759, 4762, 4764, 4766, 4767, 4769, 4772, 4777, 4778, 4781, 4784, 4786, 4792, 4793, 4796, 4797, 4798, 4802, 4804, 4809, 4810, 4811, 4812, 4821, 4822, 4881, 4883, 4885, 4886, 4887, 4888, 4893, 4904, 4910, 4917, 4923, 4926, 4939, 4943, 5227, 5235, 5245, 5300, 5305, 5444, 5451, 5453, 5456, 5462, 5463, 5464, 5465, 5471, 5481, 5484, 5485, 5494, 5503, 5509, 5526, 5659, 5873, 6058, 6061, 6069, 6070, 6077, 6078, 6080, 6081, 6087, 6088, 6093, 6097, 6105, 6136, 6153, 6186, 6187, 6188, 6189, 6193, 6197, 6198, 6199, 6200, 6201, 6202, 6206, 6207, 6208, 6209, 6214, 6215, 6218, 6223, 6231, 6236, 6276, 6277, 6342, 6345, 6348, 6350, 6351, 6352, 6354, 6437, 6440, 6450, 6495, 6736, 6748, 6751, 6760, 6880, 7022, 7120, 7451, 7535, 7538, 7610, 7614, 7615, 7622, 7626, 7628, 7639, 7666, 7668, 7669, 7675, 7676, 7679, 7682, 7921, 7922, 7926, 7932, 7946, 8085, 8086, 8088, 8141, 8154, 8159, 8167, 8168, 8189, 8195, 8204, 8208, 8211, 8212, 8225, 8233, 8234, 8239, 8435, 8441, 8442, 8444, 8450, 8453, 8454, 8455, 8458, 8466, 8472, 8480, 8483, 8507, 
----------------------------

Polygon ID:	3
color: (0.858943, 0.174108, 0.746605)
Num faces: 234
faces list: 3, 7, 18, 45, 53, 380, 691, 716, 728, 859, 970, 1014, 1018, 1170, 1222, 1236, 1388, 1393, 1398, 1447, 1505, 1509, 1510, 1650, 1653, 1676, 1704, 1705, 1708, 1724, 1817, 1821, 1822, 1824, 1835, 1836, 1841, 1842, 1846, 1855, 1859, 1870, 1874, 1881, 1885, 1892, 1907, 1912, 1915, 1919, 1922, 1924, 1949, 1976, 1977, 2000, 2010, 2015, 2034, 2048, 2054, 2061, 2077, 2083, 2084, 2086, 2090, 2091, 2111, 2120, 2130, 2140, 2143, 2147, 2148, 2150, 2151, 2154, 2155, 2157, 2162, 2165, 2169, 2171, 2174, 2176, 2179, 2184, 2193, 2196, 2203, 2204, 2211, 2216, 2218, 2221, 2224, 2231, 2232, 2235, 2239, 2241, 2242, 2246, 2247, 2249, 2255, 2256, 2291, 2310, 2312, 2315, 2317, 2320, 2321, 2349, 2404, 2466, 2498, 2560, 2564, 2566, 2569, 2571, 2583, 2587, 2589, 2633, 2756, 2771, 2815, 2967, 2999, 3106, 3288, 3338, 3381, 3569, 3629, 3707, 3797, 3800, 3925, 4071, 4169, 4237, 4363, 4366, 4417, 4511, 4645, 4648, 4714, 4829, 4867, 4932, 4933, 4935, 4936, 4938, 4941, 5068, 5082, 5111, 5114, 5192, 5196, 5197, 5198, 5199, 5200, 5204, 5207, 5215, 5216, 5266, 5293, 5295, 5296, 5301, 5302, 5303, 5315, 5316, 5542, 5622, 5781, 5948, 5977, 6264, 6396, 6400, 6421, 6586, 6599, 6662, 6705, 6715, 6733, 6740, 6752, 6756, 6761, 6776, 6904, 6974, 6997, 7043, 7050, 7102, 7132, 7160, 7180, 7232, 7293, 7471, 7475, 7480, 7560, 7612, 7623, 7624, 7652, 7674, 7776, 7985, 8053, 8075, 8082, 8084, 8103, 8108, 8210, 8423, 
----------------------------

Polygon ID:	4
color: (0.303995, 0.513535, 0.710501)
Num faces: 442
faces list: 4, 52, 69, 150, 168, 216, 270, 271, 320, 328, 365, 401, 408, 418, 508, 621, 623, 652, 700, 711, 718, 720, 755, 757, 758, 759, 760, 765, 767, 785, 813, 814, 999, 1039, 1048, 1169, 1176, 1180, 1220, 1247, 1269, 1271, 1319, 1356, 1457, 1474, 1484, 1491, 1494, 1496, 1511, 1517, 1519, 1520, 1525, 1527, 1545, 1561, 1573, 1605, 1820, 1851, 1853, 1854, 1864, 1867, 1883, 1887, 1888, 1908, 1909, 1913, 1917, 1925, 1933, 1946, 1951, 1958, 1979, 1981, 2003, 2007, 2012, 2014, 2016, 2022, 2023, 2024, 2026, 2027, 2029, 2030, 2032, 2039, 2047, 2053, 2055, 2093, 2096, 2348, 2350, 2364, 2371, 2372, 2373, 2374, 2375, 2380, 2390, 2403, 2407, 2570, 2577, 2582, 2606, 2617, 2624, 2625, 2642, 2730, 2798, 2894, 2931, 2936, 2943, 2944, 3181, 3192, 3286, 3292, 3294, 3297, 3298, 3300, 3304, 3306, 3593, 3692, 3697, 3698, 3699, 3700, 3701, 3702, 3704, 3705, 3717, 3725, 3862, 3863, 3869, 3873, 3877, 3894, 3916, 3918, 3919, 3922, 3923, 3926, 3930, 4062, 4825, 4830, 4831, 4834, 4836, 4837, 4840, 4843, 4847, 4850, 4851, 4853, 4855, 4856, 4857, 4860, 4870, 4895, 4920, 4931, 4944, 4946, 4947, 4949, 4952, 4955, 4959, 4961, 4999, 5001, 5003, 5005, 5008, 5013, 5047, 5081, 5229, 5232, 5233, 5240, 5244, 5253, 5255, 5299, 5309, 5310, 5311, 5321, 5331, 5340, 5370, 5374, 5385, 5390, 5393, 5394, 5397, 5398, 5401, 5402, 5403, 5404, 5405, 5407, 5410, 5413, 5416, 5417, 5419, 5422, 5423, 5425, 5426, 5429, 5431, 5436, 5437, 5439, 5440, 5442, 5445, 5447, 5448, 5449, 5454, 5459, 5466, 5477, 5478, 5491, 5634, 5647, 5653, 5660, 5667, 5668, 5675, 5683, 5690, 5698, 5729, 5730, 5736, 6062, 6067, 6076, 6203, 6213, 6230, 6271, 6278, 6280, 6281, 6283, 6287, 6288, 6290, 6291, 6293, 6298, 6299, 6301, 6308, 6310, 6311, 6313, 6314, 6315, 6318, 6323, 6331, 6332, 6335, 6339, 6341, 6344, 6347, 6349, 6353, 6454, 6463, 6483, 6533, 6567, 6667, 6691, 6694, 6763, 6784, 6831, 6832, 6865, 6866, 6867, 6874, 6883, 6884, 6885, 6903, 6906, 6977, 7012, 7085, 7090, 7174, 7177, 7178, 7179, 7182, 7190, 7191, 7195, 7202, 7204, 7226, 7428, 7432, 7438, 7444, 7446, 7447, 7532, 7539, 7541, 7546, 7550, 7552, 7553, 7556, 7557, 7562, 7613, 7640, 7645, 7732, 7822, 7833, 7841, 7847, 7848, 7850, 7937, 7947, 7948, 7953, 7954, 7955, 7956, 7959, 7960, 7964, 7982, 8002, 8010, 8017, 8040, 8042, 8046, 8051, 8061, 8074, 8079, 8080, 8083, 8089, 8090, 8093, 8098, 8100, 8101, 8104, 8110, 8112, 8118, 8119, 8130, 8134, 8139, 8140, 8157, 8160, 8172, 8173, 8175, 8177, 8180, 8183, 8186, 8193, 8217, 8237, 8238, 8245, 8250, 8258, 8260, 8266, 8276, 8277, 8322, 8362, 8379, 8380, 8396, 8422, 8424, 8426, 8427, 8428, 8431, 8433, 8446, 8457, 8470, 8481, 8484, 8496, 8499, 8502, 8543, 
----------------------------

Polygon ID:	5
color: (0.364452, 0.0914029, 0.0149846)
Num faces: 374
faces list: 5, 6, 124, 402, 410, 428, 429, 511, 570, 571, 586, 646, 675, 713, 722, 726, 776, 784, 830, 1036, 1072, 1082, 1093, 1100, 1105, 1120, 1162, 1390, 1449, 1452, 1495, 1578, 1642, 1791, 1811, 1963, 1983, 2006, 2013, 2057, 2063, 2275, 2619, 2646, 2786, 2826, 2830, 2851, 2856, 2862, 2864, 2880, 2883, 2884, 2885, 2887, 2888, 2898, 2899, 2902, 2905, 2907, 2908, 2915, 2919, 2929, 2934, 2938, 2941, 2961, 2987, 2997, 2998, 3004, 3014, 3130, 3147, 3149, 3152, 3154, 3162, 3165, 3166, 3167, 3171, 3173, 3175, 3176, 3177, 3178, 3179, 3184, 3186, 3187, 3188, 3191, 3195, 3196, 3198, 3200, 3204, 3207, 3209, 3210, 3212, 3213, 3215, 3217, 3218, 3219, 3221, 3224, 3228, 3229, 3230, 3233, 3235, 3236, 3238, 3239, 3240, 3241, 3242, 3245, 3247, 3248, 3249, 3250, 3258, 3264, 3265, 3266, 3267, 3272, 3273, 3276, 3280, 3282, 3283, 3284, 3287, 3291, 3293, 3296, 3301, 3302, 3307, 3311, 3312, 3318, 3319, 3320, 3321, 3323, 3324, 3331, 3333, 3337, 3340, 3341, 3345, 3349, 3423, 3487, 3500, 3502, 3844, 3850, 3865, 3866, 3867, 3870, 3871, 3872, 3876, 3888, 3913, 3917, 3920, 3921, 3924, 3927, 4252, 4285, 4292, 4509, 4570, 4633, 4652, 4666, 4667, 4668, 4683, 4685, 4692, 4693, 4698, 4702, 4703, 4717, 4727, 4760, 4776, 4799, 4820, 4828, 4839, 4844, 4845, 4848, 4849, 4858, 4859, 4865, 4868, 4869, 4872, 4873, 4875, 4908, 4913, 4942, 4948, 4956, 4957, 4960, 4969, 5002, 5004, 5009, 5012, 5014, 5017, 5019, 5021, 5022, 5026, 5027, 5029, 5035, 5037, 5038, 5048, 5056, 5084, 5249, 5304, 5343, 5844, 5850, 5886, 5897, 5904, 5910, 5917, 5934, 6037, 6051, 6165, 6172, 6175, 6178, 6179, 6180, 6190, 6217, 6219, 6221, 6222, 6237, 6246, 6252, 6253, 6256, 6257, 6259, 6260, 6263, 6265, 6266, 6268, 6270, 6417, 6424, 6441, 6444, 6445, 6458, 6461, 6464, 6471, 6476, 6477, 6479, 6485, 6486, 6489, 6497, 6504, 6507, 6537, 6542, 6544, 6548, 6556, 6558, 6563, 6568, 6569, 6570, 6573, 6574, 6580, 6581, 6583, 6591, 6606, 6674, 6676, 6809, 6819, 6826, 6878, 6909, 7094, 7125, 7188, 7221, 7393, 7395, 7397, 7399, 7408, 7430, 7431, 7433, 7434, 7440, 7441, 7445, 7448, 7469, 7491, 7501, 7502, 7512, 7524, 7540, 7583, 7586, 7625, 7766, 7817, 7879, 7970, 8007, 8014, 8038, 8109, 8117, 8121, 8123, 8125, 8126, 8127, 8129, 8135, 8138, 8176, 8181, 8182, 8192, 8200, 8460, 
----------------------------

Polygon ID:	6
color: (0.988525, 0.165899, 0.147313)
Num faces: 384
faces list: 8, 9, 11, 12, 14, 15, 16, 17, 19, 20, 21, 22, 23, 24, 25, 26, 27, 34, 35, 36, 38, 39, 42, 43, 44, 47, 80, 97, 104, 135, 137, 141, 142, 146, 147, 199, 201, 202, 212, 218, 219, 220, 221, 223, 231, 232, 234, 235, 240, 242, 244, 247, 248, 286, 289, 291, 294, 296, 297, 300, 316, 322, 325, 327, 329, 332, 335, 337, 347, 353, 358, 400, 406, 407, 415, 422, 424, 435, 439, 441, 442, 443, 446, 447, 452, 457, 458, 483, 484, 485, 486, 487, 489, 491, 492, 493, 495, 497, 498, 512, 527, 529, 534, 557, 581, 589, 592, 594, 598, 599, 601, 602, 603, 605, 606, 607, 624, 626, 644, 651, 688, 690, 692, 693, 695, 696, 697, 698, 730, 731, 732, 736, 737, 743, 750, 751, 752, 753, 754, 756, 768, 786, 787, 793, 804, 809, 810, 818, 860, 864, 866, 868, 872, 885, 897, 964, 968, 972, 976, 977, 978, 979, 983, 987, 992, 993, 994, 997, 1001, 1003, 1004, 1008, 1015, 1016, 1021, 1022, 1024, 1025, 1030, 1070, 1071, 1078, 1084, 1090, 1092, 1095, 1097, 1116, 1119, 1138, 1139, 1141, 1152, 1160, 1181, 1183, 1185, 1204, 1207, 1208, 1209, 1210, 1211, 1212, 1216, 1218, 1219, 1221, 1250, 1254, 1260, 1262, 1264, 1265, 1266, 1267, 1268, 1274, 1277, 1279, 1289, 1290, 1291, 1298, 1299, 1306, 1309, 1310, 1311, 1312, 1315, 1324, 1326, 1330, 1334, 1345, 1352, 1355, 1372, 1373, 1376, 1377, 1378, 1379, 1380, 1381, 1428, 1431, 1444, 1448, 1450, 1453, 1497, 1530, 1531, 1544, 1627, 1628, 1638, 1640, 1657, 1682, 1787, 1834, 2200, 2205, 2214, 2217, 2226, 2230, 2233, 2236, 2260, 2268, 2298, 2319, 2415, 2417, 2418, 2423, 2424, 2427, 2428, 2429, 2430, 2432, 2435, 2436, 2445, 2447, 2452, 2458, 2501, 2510, 3018, 3019, 3040, 3042, 3094, 3098, 3099, 3713, 3716, 3762, 3782, 3783, 3791, 4088, 4089, 4093, 4094, 4111, 4115, 4377, 4388, 4497, 4501, 4506, 4539, 4540, 4541, 4545, 4547, 4552, 4555, 4556, 4572, 4585, 4968, 4980, 4985, 4986, 4990, 4991, 4992, 4993, 4994, 4995, 4997, 5011, 5108, 5612, 5823, 5898, 5899, 5900, 5991, 6734, 6735, 6737, 6738, 6739, 6741, 6743, 6749, 6855, 6858, 6967, 6989, 7064, 7073, 7075, 7077, 7279, 7281, 7282, 7350, 7351, 7352, 7353, 7354, 7355, 7741, 8203, 8339, 8341, 8343, 8344, 8347, 8349, 8350, 8365, 8367, 8369, 
----------------------------

Polygon ID:	7
color: (0.00466933, 0.119083, 0.445692)
Num faces: 399
faces list: 10, 115, 164, 214, 222, 225, 238, 241, 243, 251, 254, 264, 269, 278, 280, 281, 282, 285, 287, 288, 290, 292, 293, 295, 298, 301, 304, 305, 306, 307, 310, 311, 312, 313, 315, 318, 321, 324, 336, 339, 343, 344, 346, 348, 349, 350, 351, 356, 360, 373, 374, 398, 399, 403, 411, 412, 427, 432, 436, 440, 479, 496, 535, 541, 542, 547, 596, 597, 608, 619, 620, 627, 628, 629, 630, 634, 635, 637, 638, 639, 640, 641, 645, 647, 648, 649, 655, 656, 671, 684, 685, 686, 687, 689, 703, 707, 717, 725, 733, 748, 761, 762, 769, 862, 884, 1006, 1007, 1020, 1026, 1028, 1029, 1031, 1032, 1044, 1055, 1060, 1062, 1063, 1065, 1068, 1069, 1073, 1074, 1079, 1081, 1085, 1086, 1088, 1094, 1096, 1098, 1101, 1103, 1107, 1118, 1121, 1122, 1124, 1125, 1129, 1133, 1134, 1136, 1144, 1145, 1146, 1148, 1149, 1151, 1154, 1155, 1156, 1158, 1206, 1228, 1245, 1301, 1316, 1325, 1327, 1336, 1339, 1340, 1341, 1342, 1343, 1344, 1348, 1353, 1354, 1357, 1358, 1359, 1360, 1361, 1368, 1370, 1375, 1455, 1515, 1518, 1526, 1558, 1587, 1639, 1643, 1658, 1660, 1674, 1681, 1690, 1702, 1775, 1778, 1779, 1790, 1795, 1796, 1797, 1800, 1802, 1805, 1807, 1808, 1809, 1810, 1813, 1814, 2206, 2296, 2303, 2335, 2408, 2434, 2450, 2454, 2526, 2549, 2574, 2588, 2591, 2595, 2596, 2604, 2605, 2609, 2613, 2635, 2644, 2713, 2728, 2935, 3017, 3020, 3021, 3030, 3034, 3035, 3038, 3041, 3046, 3049, 3050, 3058, 3062, 3063, 3096, 3097, 3270, 3339, 3821, 3937, 3942, 4063, 4080, 4081, 4087, 4242, 4544, 4574, 4582, 4838, 5057, 5099, 5344, 5345, 5355, 5428, 5731, 5911, 5916, 5920, 5953, 6035, 6411, 6670, 6678, 6697, 6744, 6746, 6747, 6804, 6817, 6821, 6822, 6823, 6825, 6827, 6834, 6836, 6837, 6838, 6841, 6844, 6846, 6848, 6849, 6854, 6857, 6859, 6869, 6889, 6890, 6897, 6899, 6900, 6910, 6911, 6923, 6925, 6938, 6958, 6962, 6963, 6973, 6990, 6993, 6995, 6998, 6999, 7001, 7002, 7008, 7015, 7021, 7024, 7028, 7030, 7032, 7033, 7034, 7037, 7039, 7040, 7041, 7042, 7052, 7055, 7057, 7059, 7060, 7061, 7062, 7068, 7074, 7158, 7171, 7212, 7213, 7271, 7284, 7285, 7287, 7288, 7297, 7299, 7301, 7303, 7304, 7306, 7308, 7309, 7311, 7316, 7317, 7319, 7321, 7323, 7325, 7632, 7633, 7635, 7637, 7699, 7710, 7720, 8062, 8076, 8111, 8113, 8137, 8149, 8151, 8153, 8162, 8166, 8170, 8187, 8191, 8194, 8199, 8201, 8206, 8216, 8220, 8394, 8397, 8399, 8417, 
----------------------------

Polygon ID:	8
color: (0.531663, 0.37788, 0.0089114)
Num faces: 408
faces list: 28, 32, 37, 66, 250, 268, 470, 477, 482, 488, 515, 526, 844, 1130, 1135, 1142, 1237, 1240, 1300, 1366, 1485, 1486, 1489, 1498, 1508, 1534, 1535, 1560, 1566, 1626, 1725, 1753, 1760, 1761, 1815, 1849, 1866, 1932, 1994, 2001, 2082, 2209, 2212, 2213, 2219, 2222, 2223, 2225, 2227, 2237, 2240, 2243, 2252, 2264, 2265, 2290, 2307, 2326, 2331, 2333, 2334, 2336, 2369, 2398, 2399, 2413, 2444, 2448, 2518, 2527, 2552, 2553, 2556, 2584, 2586, 2636, 2718, 2719, 2733, 2795, 2796, 2797, 2799, 2800, 2801, 2802, 2803, 2806, 2813, 2814, 2816, 2817, 2818, 2821, 2822, 2827, 2833, 2837, 2840, 2844, 2868, 2870, 2878, 2889, 2890, 2892, 2895, 2900, 2903, 2913, 2922, 2923, 2926, 2928, 2932, 2940, 2946, 2948, 2949, 2951, 2952, 2953, 2954, 2955, 2957, 2958, 2959, 2962, 2963, 2969, 2970, 2971, 2973, 2976, 2977, 2981, 3028, 3141, 3203, 3214, 3220, 3252, 3253, 3256, 3259, 3263, 3271, 3277, 3278, 3299, 3305, 3310, 3313, 3330, 3362, 3431, 3570, 3571, 4122, 4130, 4213, 4280, 4282, 4286, 4296, 4297, 4305, 4312, 4313, 4314, 4317, 4318, 4319, 4321, 4325, 4327, 4338, 4345, 4348, 4349, 4353, 4354, 4356, 4371, 4373, 4374, 4376, 4387, 4391, 4392, 4397, 4403, 4408, 4409, 4412, 4418, 4422, 4431, 4435, 4436, 4437, 4438, 4440, 4441, 4443, 4445, 4447, 4448, 4459, 4463, 4464, 4467, 4471, 4475, 4476, 4493, 4495, 4530, 4538, 4551, 4571, 4597, 4603, 4611, 4612, 4614, 4616, 4626, 4634, 4649, 4651, 4662, 4663, 4665, 4680, 4684, 4686, 4689, 4697, 4705, 4737, 4763, 4770, 4774, 4779, 4780, 4785, 4787, 4789, 4790, 4801, 4815, 4816, 4817, 4832, 4833, 4842, 4871, 4877, 4878, 4905, 4966, 5074, 5251, 5441, 5499, 5521, 5573, 5596, 5741, 5744, 5757, 5767, 5771, 5783, 5793, 5817, 6024, 6039, 6056, 6059, 6063, 6068, 6071, 6074, 6090, 6101, 6103, 6107, 6113, 6119, 6211, 6261, 6305, 6307, 6337, 6346, 6357, 6358, 6360, 6365, 6375, 6403, 6409, 6436, 6442, 6443, 6449, 6451, 6466, 6475, 6478, 6480, 6481, 6484, 6488, 6493, 6496, 6499, 6502, 6508, 6517, 6518, 6519, 6520, 6522, 6524, 6525, 6526, 6527, 6528, 6529, 6536, 6540, 6545, 6547, 6552, 6571, 6592, 6617, 6620, 6622, 6765, 6782, 6840, 6856, 6860, 6877, 6924, 6929, 6951, 6981, 6982, 6985, 7020, 7117, 7133, 7141, 7147, 7186, 7194, 7209, 7215, 7234, 7277, 7369, 7371, 7372, 7373, 7380, 7383, 7384, 7389, 7398, 7400, 7413, 7437, 7439, 7534, 7573, 7659, 7779, 7840, 7868, 7989, 8066, 8068, 8071, 8096, 8124, 8185, 8273, 8290, 8312, 8318, 8332, 8351, 8356, 8366, 8372, 8398, 8401, 8403, 8404, 8420, 8421, 8452, 8488, 
----------------------------

Polygon ID:	9
color: (0.607166, 0.601764, 0.571184)
Num faces: 143
faces list: 29, 33, 409, 467, 476, 701, 715, 1089, 1226, 1229, 1234, 1242, 1441, 1502, 1503, 1504, 1512, 1514, 1550, 1562, 1563, 1569, 1570, 1597, 1700, 1746, 1747, 1748, 1750, 1752, 1765, 1823, 1831, 1843, 1873, 1882, 2043, 2177, 2178, 2208, 2228, 2254, 2258, 2262, 2263, 2308, 2318, 2330, 2332, 2339, 2341, 2343, 2347, 2353, 2355, 2389, 2419, 2439, 2530, 2540, 2544, 2551, 2557, 2558, 2600, 2759, 2804, 2805, 2807, 2808, 2831, 2866, 2874, 2909, 2910, 2960, 2991, 3007, 3023, 3044, 3145, 3159, 3261, 3317, 3448, 3463, 3481, 4208, 4288, 4322, 4324, 4328, 4346, 4367, 4378, 4399, 4406, 4439, 4442, 4468, 4502, 4647, 4695, 4715, 4729, 4768, 4909, 5364, 5369, 5758, 5760, 5765, 5774, 5786, 5789, 5790, 5795, 5797, 5821, 5828, 5829, 5854, 5855, 5856, 6089, 6125, 6312, 6322, 7149, 7169, 7170, 7247, 7526, 7547, 7630, 8196, 8392, 8395, 8429, 8438, 8467, 8469, 8547, 
----------------------------

Polygon ID:	10
color: (0.450789, 0.663045, 0.166234)
Num faces: 222
faces list: 30, 31, 100, 309, 490, 719, 854, 1159, 1213, 1253, 1481, 1490, 1532, 1540, 1582, 1754, 1758, 1766, 1827, 1830, 1832, 1837, 1838, 1839, 1840, 1845, 1911, 1984, 1999, 2002, 2105, 2115, 2118, 2138, 2139, 2144, 2146, 2161, 2175, 2181, 2182, 2186, 2188, 2190, 2207, 2248, 2253, 2257, 2261, 2323, 2324, 2325, 2327, 2328, 2337, 2344, 2345, 2346, 2362, 2363, 2391, 2451, 2516, 2524, 2528, 2531, 2545, 2546, 2547, 2554, 2555, 2575, 2576, 2592, 2601, 2637, 2645, 2656, 2684, 2720, 2739, 2787, 2788, 2792, 2841, 2873, 2882, 2914, 2930, 2956, 2989, 2990, 2992, 3024, 3077, 3132, 3133, 3139, 3183, 3244, 3382, 3405, 3468, 3504, 3617, 3796, 3810, 3948, 3966, 4014, 4035, 4047, 4101, 4120, 4135, 4144, 4184, 4207, 4289, 4290, 4293, 4294, 4299, 4316, 4320, 4326, 4347, 4350, 4351, 4352, 4358, 4360, 4361, 4362, 4364, 4365, 4368, 4369, 4370, 4372, 4375, 4389, 4390, 4400, 4401, 4402, 4410, 4415, 4421, 4428, 4429, 4430, 4432, 4433, 4434, 4528, 4534, 4575, 4593, 4598, 4618, 4716, 4827, 4841, 5083, 5117, 5139, 5209, 5362, 5762, 5768, 5770, 5780, 5791, 5943, 6000, 6098, 6149, 6181, 6258, 6326, 6428, 6430, 6457, 6472, 6474, 6539, 6566, 6584, 6587, 6589, 6605, 6619, 6693, 6729, 6732, 6845, 7168, 7235, 7341, 7342, 7343, 7344, 7347, 7348, 7349, 7368, 7381, 7643, 7804, 7881, 7883, 7944, 8020, 8419, 8425, 8437, 8439, 8440, 8464, 8468, 8537, 
----------------------------

Polygon ID:	11
color: (0.607685, 0.0570391, 0.352123)
Num faces: 94
faces list: 41, 46, 76, 267, 1075, 1076, 1077, 1565, 1691, 1751, 1783, 1833, 1862, 1931, 1980, 1986, 1988, 2220, 2572, 2763, 2784, 2849, 2850, 2869, 2875, 2886, 2891, 2896, 2904, 2916, 2927, 2982, 2983, 3254, 3255, 3275, 3290, 3308, 3346, 3369, 3383, 3387, 3395, 3399, 3401, 3410, 3411, 3422, 3425, 3426, 3428, 3429, 3435, 3436, 3443, 3449, 3459, 3852, 4279, 4577, 4783, 4795, 4803, 4805, 4807, 4808, 5577, 5825, 5827, 6065, 6115, 6166, 6182, 6195, 6225, 6229, 6282, 6359, 6361, 6362, 6372, 6482, 6603, 6843, 7017, 7111, 7116, 7161, 7242, 7387, 7485, 7495, 7618, 8069, 
----------------------------

Polygon ID:	12
color: (0.519883, 0.802606, 0.783319)
Num faces: 105
faces list: 50, 522, 783, 875, 958, 1011, 1287, 1408, 1411, 1420, 1730, 1781, 1989, 2641, 2652, 2708, 3197, 3455, 3473, 3507, 3509, 3532, 3536, 3590, 3657, 3710, 3768, 3773, 3774, 3775, 3778, 3779, 3798, 3804, 3808, 3941, 3949, 4013, 4379, 4474, 4682, 5104, 5118, 5135, 5137, 5143, 5145, 5149, 5174, 5178, 5180, 5185, 5186, 5188, 5190, 5191, 5194, 5195, 5213, 5224, 5268, 5314, 5586, 5592, 5593, 5804, 5810, 5872, 5876, 5883, 5890, 5901, 5967, 5968, 5976, 5979, 5985, 5986, 5990, 5993, 6003, 6005, 6012, 6020, 6023, 6025, 6048, 7251, 7382, 7704, 7706, 7755, 7792, 7793, 7886, 7996, 8009, 8027, 8029, 8032, 8033, 8034, 8036, 8052, 8536, 
----------------------------

Polygon ID:	13
color: (0.726676, 0.875973, 0.30195)
Num faces: 344
faces list: 51, 105, 111, 123, 444, 517, 820, 836, 943, 955, 966, 973, 998, 1027, 1033, 1102, 1108, 1117, 1123, 1126, 1131, 1132, 1153, 1384, 1397, 1400, 1404, 1406, 1410, 1418, 1419, 1421, 1422, 1423, 1424, 1430, 1432, 1433, 1436, 1440, 1445, 1475, 1794, 1904, 2092, 2107, 2153, 2187, 2189, 2192, 2269, 2272, 2692, 2829, 2834, 2835, 2848, 2858, 2859, 2867, 2879, 2920, 2921, 2937, 2939, 3016, 3022, 3026, 3027, 3032, 3033, 3045, 3057, 3061, 3083, 3084, 3085, 3086, 3088, 3089, 3090, 3093, 3095, 3113, 3125, 3126, 3127, 3128, 3129, 3137, 3138, 3150, 3163, 3193, 3199, 3205, 3232, 3315, 3325, 3326, 3332, 3402, 3446, 3452, 3458, 3470, 3471, 3472, 3479, 3482, 3483, 3486, 3488, 3490, 3492, 3497, 3499, 3658, 3744, 3780, 3787, 3831, 3835, 3839, 3840, 3841, 3843, 3849, 3856, 3859, 3874, 3878, 3881, 3886, 3891, 3936, 3943, 3944, 3946, 3958, 3961, 3965, 3973, 3979, 3980, 3996, 4023, 4025, 4030, 4031, 4033, 4036, 4039, 4042, 4044, 4046, 4051, 4056, 4059, 4065, 4105, 4132, 4133, 4170, 4186, 4200, 4204, 4205, 4209, 4210, 4212, 4216, 4217, 4218, 4219, 4225, 4226, 4229, 4231, 4240, 4243, 4245, 4249, 4256, 4260, 4261, 4263, 4264, 4265, 4269, 4270, 4272, 4273, 4276, 4277, 4278, 4303, 4304, 4306, 4307, 4308, 4310, 4323, 4330, 4339, 4355, 4357, 4359, 4413, 4653, 4738, 4761, 4800, 4884, 4962, 5126, 5148, 5153, 5154, 5156, 5158, 5187, 5189, 5211, 5217, 5218, 5221, 5223, 5225, 5239, 5242, 5243, 5250, 5265, 5274, 5470, 5523, 5569, 5578, 5587, 5594, 5631, 5799, 5843, 5865, 5868, 5881, 5884, 5892, 5894, 5905, 5912, 5925, 5928, 5931, 5936, 5941, 5944, 5947, 5949, 5951, 5958, 5959, 5965, 5997, 6006, 6010, 6011, 6017, 6031, 6043, 6046, 6047, 6049, 6055, 6096, 6143, 6148, 6262, 6378, 6379, 6380, 6381, 6382, 6383, 6384, 6389, 6390, 6391, 6393, 6401, 6402, 6405, 6406, 6407, 6408, 6412, 6413, 6414, 6425, 6426, 6427, 6431, 6432, 6434, 6500, 6576, 6873, 7278, 7454, 7460, 7484, 7487, 7490, 7493, 7694, 7695, 7702, 7705, 7711, 7733, 7742, 7745, 7757, 7789, 7880, 7957, 8018, 8021, 8030, 8043, 8045, 8077, 8476, 8477, 8478, 8491, 8503, 8515, 8517, 8522, 8523, 8524, 8527, 
----------------------------

Polygon ID:	14
color: (0.539354, 0.925718, 0.955901)
Num faces: 228
faces list: 58, 60, 160, 162, 163, 359, 366, 382, 454, 568, 569, 682, 831, 852, 881, 883, 920, 941, 965, 969, 1104, 1194, 1200, 1201, 1294, 1367, 1435, 1734, 1793, 1857, 1891, 1894, 1895, 1896, 1897, 1898, 1900, 1901, 1903, 1905, 1973, 2183, 2202, 2273, 2703, 2746, 2755, 2839, 2842, 2845, 2852, 2861, 2865, 2881, 2968, 2994, 3001, 3003, 3029, 3036, 3052, 3053, 3079, 3087, 3131, 3180, 3231, 3350, 3351, 3355, 3360, 3550, 3833, 3837, 3838, 3853, 3854, 3855, 3875, 3879, 3882, 3883, 3884, 3885, 3890, 3895, 3896, 3900, 3903, 3905, 3907, 3914, 3915, 3952, 4058, 4060, 4066, 4069, 4070, 4072, 4073, 4074, 4075, 4076, 4077, 4106, 4125, 4129, 4131, 4140, 4154, 4201, 4250, 4257, 4259, 4274, 4333, 4334, 4335, 4336, 4340, 4341, 4342, 4343, 4344, 4452, 4457, 4594, 4600, 4601, 4605, 4606, 4607, 4609, 4610, 4615, 4617, 4621, 4622, 4624, 4627, 4745, 4788, 4813, 4818, 4854, 4862, 4930, 4958, 4963, 5028, 5090, 5102, 5103, 5175, 5182, 5202, 5226, 5275, 5378, 5469, 5483, 5539, 5553, 5591, 5606, 5633, 5663, 5681, 5688, 5718, 5732, 5733, 5801, 5822, 5837, 5857, 5973, 6004, 6038, 6129, 6133, 6154, 6156, 6157, 6160, 6162, 6191, 6455, 6467, 6487, 6535, 6550, 6553, 6559, 6634, 6653, 6661, 7416, 7483, 7744, 7759, 7767, 7888, 8094, 8116, 8132, 8136, 8158, 8215, 8251, 8262, 8265, 8293, 8305, 8316, 8321, 8325, 8326, 8327, 8331, 8333, 8334, 8346, 8370, 8374, 8418, 8500, 
----------------------------

Polygon ID:	15
color: (0.235328, 0.462081, 0.142338)
Num faces: 257
faces list: 61, 71, 167, 448, 456, 464, 494, 763, 832, 1286, 1297, 1555, 1588, 1709, 1710, 1711, 1780, 1818, 1819, 1848, 1858, 1861, 1868, 1899, 1968, 1969, 1971, 1972, 2011, 2156, 2278, 2279, 2282, 2289, 2293, 2294, 2295, 2300, 2302, 2322, 2402, 2414, 2563, 2578, 2590, 2593, 2594, 2749, 2757, 2762, 2783, 2790, 2791, 2810, 2811, 2812, 2832, 2901, 3047, 3066, 3153, 3182, 3189, 3251, 3377, 3378, 3406, 3440, 3450, 3453, 3851, 3928, 3929, 4590, 4835, 4846, 4934, 4937, 4996, 5000, 5020, 5041, 5043, 5044, 5051, 5052, 5053, 5055, 5061, 5062, 5063, 5065, 5066, 5070, 5071, 5072, 5075, 5077, 5080, 5085, 5087, 5089, 5092, 5093, 5094, 5095, 5096, 5101, 5113, 5830, 5846, 5970, 6099, 6226, 6228, 6273, 6274, 6404, 6505, 6521, 6577, 6613, 6637, 6679, 6905, 6907, 6908, 6913, 6996, 7010, 7011, 7013, 7018, 7019, 7025, 7026, 7045, 7046, 7048, 7054, 7063, 7072, 7076, 7145, 7150, 7156, 7233, 7238, 7240, 7241, 7248, 7259, 7261, 7264, 7265, 7266, 7292, 7318, 7328, 7340, 7366, 7392, 7394, 7401, 7404, 7405, 7410, 7411, 7414, 7417, 7419, 7421, 7425, 7426, 7427, 7435, 7436, 7449, 7452, 7453, 7455, 7456, 7457, 7458, 7461, 7462, 7463, 7464, 7465, 7466, 7467, 7468, 7472, 7474, 7476, 7477, 7478, 7479, 7482, 7486, 7488, 7499, 7505, 7507, 7509, 7513, 7514, 7515, 7517, 7518, 7519, 7521, 7522, 7525, 7527, 7529, 7533, 7536, 7542, 7549, 7561, 7564, 7566, 7569, 7572, 7574, 7575, 7577, 7578, 7579, 7580, 7581, 7584, 7585, 7589, 7593, 7597, 7602, 7606, 7607, 7608, 7619, 7620, 7621, 7629, 7965, 8006, 8019, 8047, 8073, 8078, 8102, 8106, 8107, 8120, 8122, 8184, 
----------------------------

Polygon ID:	16
color: (0.779656, 0.209601, 0.862239)
Num faces: 144
faces list: 64, 132, 133, 178, 179, 183, 185, 187, 188, 191, 192, 383, 384, 385, 388, 390, 393, 394, 396, 397, 404, 523, 524, 525, 572, 573, 575, 576, 577, 578, 579, 672, 681, 683, 853, 855, 857, 890, 919, 921, 927, 928, 931, 935, 938, 939, 940, 945, 946, 949, 952, 953, 986, 1114, 1196, 1199, 1205, 1507, 1523, 1876, 1877, 1893, 2750, 2752, 2758, 2760, 2764, 2767, 2768, 2772, 2775, 2778, 2779, 2780, 2781, 2782, 2854, 2857, 3931, 3932, 4096, 4097, 4127, 4148, 4149, 4157, 4254, 4473, 4478, 4481, 4483, 4486, 4487, 4488, 4490, 4491, 4523, 4527, 4531, 4532, 4535, 4536, 4537, 4861, 4863, 4911, 4922, 4945, 4953, 4954, 5032, 5091, 5112, 5122, 5241, 5248, 5264, 5434, 5467, 5547, 5557, 5570, 5613, 5616, 5678, 5708, 5734, 5806, 6134, 6135, 6137, 6140, 6145, 6146, 6155, 6163, 8236, 8270, 8352, 8353, 8354, 8355, 8373, 8501, 
----------------------------

Polygon ID:	17
color: (0.999695, 0.996796, 0.843654)
Num faces: 86
faces list: 65, 72, 159, 161, 253, 1195, 1365, 1369, 1860, 2185, 2311, 2496, 2603, 2665, 2824, 2825, 2836, 2838, 2843, 2847, 2853, 2860, 2877, 2897, 2911, 2912, 2917, 2918, 2924, 2925, 2933, 2978, 3002, 3005, 3006, 3010, 3011, 3059, 3060, 3073, 3078, 3092, 3124, 3143, 3146, 3169, 3225, 3227, 3243, 3246, 3260, 3268, 3289, 3295, 3309, 3316, 3361, 3408, 3438, 3846, 3880, 3904, 3953, 4004, 4608, 4650, 4657, 4750, 4751, 4752, 4794, 4806, 4814, 4819, 5750, 6152, 6159, 6192, 6325, 6468, 6491, 6532, 6541, 7407, 7554, 7600, 
----------------------------

Polygon ID:	18
color: (0.266213, 0.392438, 0.611499)
Num faces: 226
faces list: 81, 83, 85, 89, 98, 101, 103, 108, 121, 211, 215, 224, 226, 246, 249, 334, 352, 354, 355, 588, 710, 772, 805, 806, 819, 873, 886, 887, 974, 980, 981, 985, 991, 1000, 1005, 1009, 1179, 1184, 1679, 1706, 1749, 2031, 2238, 2392, 2457, 2459, 2463, 2464, 2469, 2470, 2473, 2474, 2475, 2476, 2478, 2479, 2480, 2481, 2482, 2483, 2484, 2486, 2489, 2491, 2492, 2493, 2494, 2497, 2499, 2503, 2504, 2506, 2507, 2508, 2509, 2511, 2512, 2513, 2639, 2648, 2686, 2691, 2726, 2871, 3025, 3462, 3556, 3557, 3559, 3560, 3561, 3562, 3563, 3604, 3638, 3654, 3711, 3712, 3714, 3719, 3721, 3724, 3726, 3729, 3732, 3734, 3742, 3788, 3790, 3792, 3806, 3812, 3842, 3951, 3985, 3989, 4078, 4084, 4085, 4086, 4396, 4423, 4424, 4543, 4554, 4558, 4559, 4560, 4561, 4562, 4563, 4565, 4566, 4567, 4568, 4573, 4578, 4581, 4586, 4587, 4632, 4644, 4670, 4678, 4882, 4970, 4972, 4973, 4974, 4977, 4978, 4984, 4987, 4988, 4989, 5133, 5140, 5280, 5286, 5291, 5333, 5335, 5336, 5339, 5367, 5408, 5443, 5699, 5723, 5726, 5739, 5745, 5748, 5754, 5763, 5764, 5776, 5800, 5859, 5909, 5933, 5938, 5962, 5996, 6008, 6673, 6684, 6698, 6750, 6798, 6842, 6953, 7006, 7031, 7044, 7058, 7079, 7113, 7139, 7166, 7167, 7192, 7196, 7206, 7219, 7263, 7269, 7280, 7590, 7740, 7811, 7812, 7815, 7816, 7977, 7979, 8003, 8023, 8064, 8254, 8282, 8300, 8303, 8337, 8340, 8342, 
----------------------------

Polygon ID:	19
color: (0.0237434, 0.840144, 0.297281)
Num faces: 707
faces list: 84, 112, 228, 326, 331, 413, 445, 460, 499, 550, 650, 673, 702, 704, 705, 709, 712, 714, 723, 724, 727, 738, 739, 740, 741, 746, 764, 766, 770, 775, 780, 781, 790, 812, 907, 1012, 1013, 1023, 1256, 1318, 1320, 1389, 1395, 1402, 1434, 1443, 1731, 2035, 2037, 2081, 2088, 2129, 2160, 2191, 2376, 2426, 2438, 2455, 2460, 2461, 2465, 2467, 2468, 2472, 2477, 2485, 2487, 2488, 2495, 2502, 2505, 2607, 2690, 2723, 2828, 2846, 2893, 3056, 3091, 3158, 3397, 3434, 3451, 3485, 3511, 3514, 3515, 3520, 3521, 3522, 3535, 3538, 3539, 3542, 3543, 3544, 3545, 3553, 3554, 3555, 3564, 3568, 3576, 3580, 3581, 3582, 3583, 3588, 3589, 3594, 3595, 3597, 3598, 3600, 3601, 3602, 3603, 3610, 3612, 3621, 3625, 3626, 3630, 3631, 3632, 3633, 3634, 3636, 3637, 3643, 3645, 3649, 3650, 3653, 3655, 3656, 3659, 3661, 3665, 3666, 3668, 3671, 3682, 3685, 3703, 3709, 3715, 3718, 3722, 3736, 3737, 3739, 3741, 3743, 3754, 3756, 3769, 3770, 3771, 3772, 3777, 3794, 3817, 3827, 3828, 3829, 3992, 4021, 4022, 4024, 4037, 4038, 4040, 4275, 4404, 4420, 4583, 4584, 4591, 4661, 4725, 4733, 4754, 4765, 4771, 4782, 4874, 4891, 4892, 4894, 4896, 4897, 4898, 4900, 4901, 4906, 4907, 4912, 4951, 4975, 4976, 4979, 4981, 4982, 5107, 5115, 5120, 5123, 5124, 5125, 5129, 5132, 5134, 5136, 5144, 5146, 5147, 5151, 5152, 5155, 5157, 5160, 5161, 5162, 5163, 5164, 5165, 5166, 5167, 5169, 5170, 5172, 5173, 5181, 5183, 5193, 5205, 5210, 5219, 5220, 5228, 5257, 5258, 5262, 5263, 5267, 5270, 5271, 5272, 5273, 5279, 5281, 5285, 5287, 5288, 5292, 5294, 5297, 5306, 5308, 5313, 5317, 5320, 5323, 5324, 5325, 5326, 5327, 5328, 5329, 5330, 5334, 5338, 5341, 5346, 5347, 5358, 5359, 5360, 5361, 5363, 5366, 5368, 5371, 5377, 5381, 5382, 5383, 5384, 5386, 5387, 5388, 5389, 5391, 5395, 5399, 5406, 5412, 5414, 5415, 5418, 5420, 5427, 5438, 5446, 5450, 5455, 5460, 5461, 5473, 5475, 5479, 5487, 5488, 5490, 5492, 5493, 5496, 5497, 5498, 5500, 5501, 5502, 5504, 5505, 5506, 5507, 5510, 5511, 5512, 5513, 5514, 5515, 5516, 5519, 5520, 5522, 5524, 5525, 5528, 5529, 5530, 5531, 5532, 5533, 5534, 5535, 5536, 5537, 5538, 5540, 5541, 5543, 5544, 5545, 5546, 5548, 5549, 5550, 5551, 5552, 5554, 5555, 5558, 5559, 5560, 5561, 5562, 5563, 5564, 5565, 5566, 5567, 5568, 5571, 5572, 5574, 5575, 5576, 5580, 5581, 5583, 5584, 5588, 5590, 5597, 5598, 5600, 5604, 5605, 5607, 5608, 5609, 5610, 5611, 5614, 5615, 5617, 5618, 5619, 5620, 5621, 5623, 5625, 5626, 5627, 5628, 5629, 5630, 5632, 5635, 5637, 5638, 5639, 5640, 5641, 5642, 5643, 5644, 5645, 5646, 5648, 5649, 5650, 5651, 5652, 5654, 5655, 5656, 5657, 5658, 5662, 5664, 5665, 5666, 5669, 5670, 5671, 5672, 5673, 5674, 5676, 5677, 5679, 5680, 5682, 5684, 5685, 5686, 5687, 5689, 5691, 5693, 5694, 5695, 5696, 5697, 5700, 5701, 5702, 5703, 5704, 5705, 5706, 5707, 5709, 5710, 5711, 5712, 5713, 5714, 5715, 5716, 5717, 5719, 5720, 5721, 5722, 5724, 5725, 5727, 5728, 5735, 5737, 5738, 5740, 5742, 5743, 5746, 5747, 5772, 5773, 5778, 5779, 5782, 5784, 5788, 5796, 5802, 5803, 5805, 5807, 5808, 5809, 5811, 5812, 5813, 5814, 5815, 5816, 5818, 5820, 5824, 5831, 5832, 5833, 5835, 5836, 5838, 5839, 5840, 5841, 5842, 5845, 5851, 5858, 5862, 5863, 5864, 5866, 5867, 5869, 5871, 5874, 5875, 5878, 5879, 5880, 5893, 5903, 5935, 5946, 5969, 5975, 5994, 6001, 6013, 6014, 6016, 6019, 6021, 6022, 6036, 6040, 6041, 6050, 6052, 6053, 6060, 6064, 6072, 6073, 6075, 6079, 6082, 6083, 6085, 6086, 6091, 6092, 6094, 6095, 6100, 6104, 6110, 6111, 6112, 6121, 6123, 6124, 6128, 6176, 6177, 6184, 6185, 6194, 6210, 6212, 6216, 6220, 6224, 6240, 6241, 6247, 6250, 6254, 6295, 6317, 6355, 6672, 7122, 7163, 7184, 7225, 7346, 7545, 7596, 7649, 7654, 7658, 7661, 7664, 7667, 7670, 7673, 7693, 7698, 7701, 7712, 7713, 7724, 7736, 7739, 7782, 7784, 7787, 7790, 7791, 7794, 7795, 7797, 7798, 7799, 7800, 7802, 7805, 7808, 7809, 7810, 7813, 7818, 7819, 7820, 7821, 7823, 7824, 7825, 7827, 7829, 7831, 7832, 7835, 7844, 7846, 7849, 7851, 7853, 7854, 7855, 7859, 7862, 7863, 7864, 7865, 7887, 7889, 7891, 7892, 7900, 7901, 7905, 7906, 7907, 7910, 7913, 7920, 7927, 7928, 7931, 7934, 7958, 7961, 7963, 7967, 7974, 7975, 7978, 7981, 7992, 7993, 7995, 7998, 7999, 8012, 8024, 8025, 8026, 8028, 8031, 8039, 8049, 8050, 8054, 8058, 8060, 8302, 8530, 
----------------------------

Polygon ID:	20
color: (0.677206, 0.0926237, 0.375866)
Num faces: 288
faces list: 95, 256, 302, 463, 472, 514, 580, 789, 808, 811, 815, 833, 871, 932, 1083, 1137, 1140, 1284, 1592, 1686, 1763, 1816, 1863, 1869, 1890, 1918, 1923, 1930, 1935, 1936, 1937, 1964, 1965, 1966, 1970, 1974, 1987, 1997, 2008, 2017, 2019, 2270, 2276, 2280, 2281, 2284, 2598, 2731, 2765, 2777, 2789, 2872, 2965, 2966, 2972, 2974, 2980, 2986, 3140, 3202, 3216, 3223, 3226, 3234, 3257, 3279, 3281, 3342, 3343, 3344, 3348, 3365, 3367, 3370, 3374, 3376, 3400, 3412, 3416, 3430, 3442, 3461, 3465, 3467, 3860, 3861, 3864, 4266, 4281, 4659, 4688, 4696, 4791, 4824, 4964, 4967, 5006, 5016, 5023, 5024, 5025, 5030, 5031, 5033, 5034, 5036, 5039, 5040, 5042, 5045, 5046, 5049, 5050, 5054, 5058, 5060, 5064, 5067, 5069, 5073, 5076, 5078, 5079, 5086, 5097, 5098, 5100, 5105, 5252, 5486, 5756, 5848, 5907, 5927, 5950, 5956, 5957, 5963, 5964, 5974, 6007, 6015, 6018, 6028, 6042, 6102, 6120, 6126, 6132, 6167, 6169, 6171, 6173, 6174, 6183, 6196, 6205, 6234, 6255, 6267, 6272, 6275, 6279, 6294, 6302, 6303, 6343, 6363, 6368, 6369, 6370, 6371, 6373, 6374, 6392, 6395, 6410, 6422, 6423, 6429, 6438, 6446, 6452, 6456, 6459, 6462, 6465, 6470, 6490, 6492, 6494, 6498, 6501, 6503, 6506, 6509, 6512, 6513, 6514, 6515, 6516, 6523, 6530, 6531, 6534, 6538, 6543, 6549, 6554, 6555, 6557, 6564, 6575, 6582, 6585, 6588, 6590, 6596, 6602, 6604, 6612, 6658, 6766, 6791, 6820, 6853, 6882, 6886, 6893, 6902, 6954, 6980, 6991, 7000, 7005, 7009, 7016, 7047, 7049, 7051, 7067, 7093, 7109, 7136, 7183, 7193, 7224, 7239, 7246, 7254, 7257, 7276, 7291, 7294, 7302, 7336, 7339, 7345, 7409, 7412, 7418, 7420, 7422, 7423, 7450, 7459, 7492, 7494, 7511, 7516, 7520, 7537, 7548, 7603, 7605, 7609, 7611, 7616, 7617, 7627, 8011, 8022, 8081, 8097, 8114, 8115, 8179, 8436, 
----------------------------

Polygon ID:	21
color: (0.91879, 0.00878933, 0.0562151)
Num faces: 164
faces list: 96, 227, 255, 260, 272, 275, 323, 357, 371, 421, 423, 425, 430, 431, 437, 474, 539, 559, 563, 564, 612, 821, 896, 1056, 1080, 1099, 1109, 1110, 1115, 1171, 1172, 1186, 1202, 1302, 1303, 1304, 1305, 1323, 1350, 1351, 1635, 1694, 1696, 1782, 1784, 1785, 1788, 1804, 2097, 2127, 2521, 2536, 2671, 2673, 2674, 2678, 2683, 2688, 2689, 2698, 2714, 2717, 2724, 2725, 2729, 2734, 3055, 3064, 3069, 3118, 3359, 4461, 4469, 4629, 4655, 5352, 5353, 5354, 5919, 5978, 6635, 6636, 6645, 6647, 6648, 6767, 6768, 6773, 6778, 6781, 6824, 6871, 6879, 6887, 6895, 6901, 6912, 6921, 6932, 6934, 6942, 6945, 6946, 6955, 6969, 6979, 6983, 6986, 6987, 6992, 6994, 7003, 7014, 7104, 7107, 7295, 7337, 7634, 7647, 7653, 7660, 7665, 7678, 7680, 7686, 7688, 7689, 7692, 7714, 7715, 7723, 7734, 7738, 7746, 7764, 7796, 7801, 7807, 7814, 7826, 7838, 7845, 7856, 7861, 7866, 7870, 7871, 7903, 7904, 7923, 7924, 7943, 7991, 8259, 8323, 8324, 8328, 8389, 8402, 8405, 8410, 8411, 8414, 8416, 
----------------------------

Polygon ID:	22
color: (0.587909, 0.272897, 0.275887)
Num faces: 98
faces list: 106, 330, 341, 342, 504, 1235, 1677, 1684, 1727, 1733, 1770, 1771, 1852, 1920, 2299, 2388, 2410, 2411, 2412, 2443, 2446, 2462, 2585, 2975, 3474, 3495, 3512, 3526, 3618, 3648, 3694, 3745, 3818, 3822, 3834, 3899, 3902, 4012, 4016, 4048, 4079, 4176, 4180, 4247, 4580, 4588, 4589, 4983, 5018, 5332, 5392, 5939, 5972, 5999, 6026, 6669, 6671, 6680, 6688, 6699, 6700, 6701, 6703, 6753, 6755, 7038, 7084, 7089, 7091, 7097, 7098, 7099, 7101, 7103, 7130, 7134, 7135, 7159, 7162, 7173, 7189, 7197, 7198, 7210, 7217, 7218, 7220, 7228, 7270, 7283, 7320, 7402, 8178, 8335, 8336, 8526, 8534, 8541, 
----------------------------

Polygon ID:	23
color: (0.726493, 0.837611, 0.691183)
Num faces: 272
faces list: 125, 258, 438, 481, 560, 565, 609, 610, 678, 680, 840, 841, 843, 846, 858, 1197, 1233, 1246, 1251, 1252, 1255, 1313, 1329, 1637, 1651, 1663, 1715, 1716, 1718, 1719, 1720, 1721, 1722, 1728, 1735, 1737, 1740, 1741, 1742, 1744, 1786, 1789, 1829, 1844, 1850, 1921, 1926, 1967, 1982, 2036, 2079, 2094, 2100, 2101, 2102, 2103, 2109, 2112, 2114, 2116, 2117, 2119, 2123, 2128, 2131, 2134, 2135, 2136, 2141, 2142, 2152, 2158, 2159, 2164, 2167, 2180, 2201, 2210, 2229, 2245, 2267, 2274, 2297, 2301, 2305, 2309, 2314, 2342, 2377, 2471, 2490, 2515, 2517, 2525, 2533, 2550, 2559, 2680, 2681, 2687, 2735, 2753, 2785, 2809, 2819, 2855, 2863, 2985, 2996, 3031, 3054, 3074, 3102, 3103, 3104, 3107, 3109, 3123, 3134, 3142, 3144, 3156, 3168, 3262, 3269, 3274, 3336, 3394, 3414, 3419, 3441, 3517, 3527, 3547, 3599, 4251, 4283, 4298, 4309, 4451, 4454, 4455, 4456, 4458, 4462, 4494, 4513, 4596, 4658, 4743, 4744, 4826, 4914, 4998, 5106, 5179, 5184, 5203, 5208, 5254, 5283, 5312, 5349, 5379, 5424, 5430, 5435, 5474, 5495, 5624, 5759, 5792, 5998, 6164, 6227, 6304, 6364, 6394, 6397, 6399, 6415, 6439, 6447, 6469, 6546, 6562, 6565, 6572, 6578, 6579, 6595, 6598, 6600, 6628, 6629, 6632, 6639, 6640, 6641, 6646, 6652, 6668, 6675, 6682, 6686, 6687, 6707, 6711, 6712, 6714, 6716, 6726, 6727, 6764, 6769, 6771, 6772, 6775, 6789, 6793, 6850, 6862, 6863, 6875, 6888, 6916, 6950, 6952, 6984, 7069, 7078, 7108, 7154, 7201, 7298, 7300, 7305, 7310, 7314, 7357, 7359, 7361, 7362, 7363, 7365, 7367, 7376, 7378, 7429, 7504, 7672, 7677, 7722, 7728, 7748, 7803, 7837, 7839, 7873, 7897, 7909, 7945, 7968, 8037, 8041, 8055, 8152, 8308, 8388, 8407, 8413, 8456, 
----------------------------

Polygon ID:	24
color: (0.743736, 0.205359, 0.484939)
Num faces: 125
faces list: 126, 128, 129, 130, 134, 154, 155, 257, 261, 369, 370, 376, 377, 378, 379, 386, 391, 561, 658, 659, 661, 662, 663, 665, 666, 667, 669, 677, 679, 694, 708, 778, 779, 842, 847, 848, 849, 850, 851, 934, 1035, 1042, 1043, 1045, 1046, 1047, 1050, 1173, 1177, 1187, 1189, 1190, 1198, 1347, 1714, 1726, 1872, 1875, 2126, 2163, 2215, 2244, 2386, 2401, 2453, 2514, 2669, 2670, 2711, 2712, 3110, 3112, 3115, 3285, 4118, 4123, 4449, 4450, 4460, 4470, 4477, 4479, 4480, 4482, 4484, 4485, 4489, 4623, 4864, 5109, 5127, 5138, 5171, 5214, 5230, 5231, 5261, 5318, 5376, 5380, 6130, 6144, 6385, 6386, 6387, 6551, 6659, 6695, 6696, 6788, 6807, 6931, 6933, 6957, 6978, 7327, 7331, 7696, 7719, 7774, 7911, 8171, 8298, 8371, 8383, 
----------------------------

Polygon ID:	25
color: (0.949156, 0.457961, 0.468459)
Num faces: 122
faces list: 143, 236, 319, 345, 361, 362, 364, 533, 595, 1143, 1584, 1586, 1675, 1693, 1701, 1729, 1756, 1757, 2382, 2383, 2384, 2385, 2393, 2395, 2396, 2400, 2405, 2421, 2422, 2425, 2437, 2440, 2441, 2442, 2449, 2529, 2579, 2580, 2581, 2597, 2602, 2984, 3015, 3322, 3328, 3476, 3477, 3489, 3496, 3516, 3592, 3596, 3706, 4005, 4006, 4019, 4082, 4099, 4175, 4232, 4238, 4246, 4498, 4522, 4675, 4701, 5396, 5476, 6029, 6030, 6032, 6759, 6839, 6851, 7081, 7092, 7096, 7100, 7105, 7106, 7110, 7112, 7114, 7121, 7126, 7127, 7128, 7129, 7137, 7144, 7146, 7148, 7152, 7155, 7157, 7164, 7207, 7211, 7214, 7216, 7222, 7223, 7262, 7267, 7406, 8067, 8072, 8148, 8205, 8207, 8213, 8221, 8222, 8508, 8516, 8525, 8529, 8531, 8538, 8539, 8542, 8544, 
----------------------------

Polygon ID:	26
color: (0.599048, 0.10828, 0.744438)
Num faces: 36
faces list: 193, 392, 537, 948, 1161, 1163, 1602, 1712, 1792, 2568, 2610, 2942, 3303, 3723, 5409, 5954, 6762, 6892, 7083, 7087, 7181, 7185, 7200, 7289, 7312, 7415, 7551, 8056, 8065, 8091, 8095, 8099, 8105, 8155, 8169, 8202, 
----------------------------

Polygon ID:	27
color: (0.608966, 0.735008, 0.385235)
Num faces: 85
faces list: 217, 229, 462, 585, 721, 1002, 1017, 1191, 1995, 2065, 2066, 2599, 2631, 2649, 2654, 2675, 2727, 2820, 3508, 3513, 3524, 3533, 3552, 3558, 3566, 3573, 3586, 3606, 3613, 3619, 3620, 3623, 3624, 3627, 3639, 3664, 3667, 3679, 3681, 3688, 3801, 3824, 3825, 3955, 3974, 4083, 4287, 4641, 4660, 4664, 4671, 4673, 4679, 4690, 4708, 4718, 4719, 4721, 4728, 4736, 4739, 4741, 5159, 5177, 5775, 5785, 5787, 6327, 6329, 6334, 6453, 6460, 6833, 6847, 6861, 6935, 7563, 7716, 8275, 8291, 8294, 8309, 8315, 8360, 8385, 
----------------------------

Polygon ID:	28
color: (0.151555, 0.361339, 0.572405)
Num faces: 125
faces list: 230, 816, 995, 996, 1258, 1847, 1856, 1914, 1916, 1996, 2113, 2266, 2534, 2615, 2628, 2640, 2651, 2658, 2704, 2707, 2715, 2793, 3151, 3347, 3380, 3510, 3523, 3529, 3530, 3531, 3541, 3565, 3567, 3572, 3591, 3605, 3607, 3608, 3614, 3622, 3628, 3635, 3641, 3642, 3644, 3651, 3663, 3673, 3674, 3675, 3683, 3686, 3687, 3753, 3814, 3832, 3887, 3978, 3999, 4001, 4009, 4010, 4414, 4427, 4444, 4465, 4628, 4630, 4631, 4637, 4640, 4642, 4677, 4694, 4699, 4704, 4707, 4722, 4723, 4726, 4732, 4734, 4735, 4823, 4852, 4915, 4916, 4927, 4928, 4971, 5110, 5131, 5342, 5819, 5932, 5980, 6324, 6328, 6330, 6333, 6366, 6420, 6433, 6615, 6616, 6618, 6623, 6972, 6975, 7424, 7571, 7591, 7708, 7727, 7806, 8035, 8063, 8242, 8252, 8255, 8267, 8285, 8297, 8310, 8540, 
----------------------------

Polygon ID:	29
color: (0.802881, 0.425153, 0.225105)
Num faces: 352
faces list: 237, 239, 303, 308, 317, 367, 372, 375, 416, 417, 420, 558, 642, 643, 1164, 1165, 1166, 1174, 1232, 1238, 1257, 1281, 1285, 1322, 1328, 1337, 1338, 1467, 1472, 1476, 1487, 1492, 1524, 1548, 1553, 1557, 1590, 1600, 1601, 1603, 1609, 1612, 1613, 1614, 1615, 1617, 1618, 1620, 1621, 1624, 1625, 1629, 1630, 1631, 1632, 1633, 1634, 1636, 1641, 1644, 1645, 1646, 1647, 1648, 1649, 1652, 1654, 1655, 1656, 1659, 1661, 1662, 1664, 1667, 1670, 1671, 1673, 1717, 1739, 1745, 1801, 1871, 1880, 1884, 1906, 1927, 1928, 1934, 1938, 1940, 1941, 1944, 1947, 1948, 1950, 1953, 1954, 1992, 2005, 2058, 2068, 2073, 2074, 2076, 2080, 2085, 2089, 2095, 2098, 2099, 2104, 2106, 2108, 2110, 2124, 2132, 2133, 2137, 2166, 2168, 2173, 2351, 2354, 2356, 2357, 2359, 2360, 2361, 2365, 2366, 2367, 2535, 2538, 2561, 2567, 2573, 2663, 2664, 2666, 2667, 2672, 2676, 2677, 2685, 2701, 2702, 2705, 2706, 2721, 2722, 2732, 2906, 3000, 3075, 3100, 3101, 3105, 3108, 3111, 3114, 3116, 3117, 3119, 3120, 3121, 3122, 3194, 3222, 3690, 3789, 3820, 5201, 5206, 5212, 5222, 5234, 5236, 5247, 5284, 5289, 5298, 5375, 5421, 5433, 5452, 5482, 5489, 5870, 6356, 6398, 6601, 6624, 6626, 6627, 6630, 6631, 6638, 6642, 6644, 6649, 6650, 6651, 6654, 6655, 6656, 6657, 6660, 6665, 6666, 6689, 6690, 6692, 6704, 6706, 6708, 6709, 6710, 6713, 6717, 6718, 6720, 6721, 6722, 6723, 6724, 6725, 6728, 6730, 6731, 6742, 6745, 6754, 6757, 6794, 6796, 6830, 6898, 6914, 6918, 6919, 6922, 6926, 6930, 6936, 6937, 6939, 6943, 6948, 6949, 6960, 6965, 6970, 6971, 7023, 7035, 7053, 7065, 7070, 7086, 7119, 7227, 7229, 7230, 7231, 7356, 7358, 7360, 7364, 7370, 7375, 7377, 7379, 7559, 7636, 7671, 7684, 7690, 7703, 7726, 7730, 7731, 7747, 7750, 7756, 7769, 7772, 7775, 7788, 7875, 7876, 7882, 7884, 7885, 7893, 7894, 7895, 7896, 7898, 7902, 7915, 7916, 7917, 7919, 7925, 7929, 7930, 7933, 7935, 7938, 7939, 7969, 7971, 7972, 7983, 7986, 7987, 7988, 7990, 7994, 8001, 8004, 8005, 8008, 8057, 8128, 8144, 8197, 8228, 8230, 8231, 8232, 8235, 8246, 8247, 8248, 8249, 8253, 8263, 8307, 8311, 8378, 8381, 8384, 8443, 8448, 8449, 8451, 8461, 8463, 8465, 8485, 8505, 
----------------------------

Polygon ID:	30
color: (0.751549, 0.98999, 0.517106)
Num faces: 136
faces list: 252, 259, 262, 263, 265, 266, 273, 274, 276, 277, 279, 283, 284, 314, 433, 434, 543, 545, 548, 549, 551, 611, 613, 615, 616, 617, 618, 622, 631, 633, 636, 856, 1037, 1038, 1040, 1041, 1049, 1051, 1052, 1053, 1057, 1058, 1061, 1064, 1066, 1067, 1087, 1106, 1111, 1128, 1188, 1192, 1314, 1331, 1332, 1333, 1335, 1346, 1349, 1697, 1723, 1767, 1768, 1776, 2125, 2292, 2697, 3037, 3051, 3065, 3067, 3068, 3070, 3071, 3072, 3076, 3080, 3081, 3364, 3384, 3390, 3403, 5348, 5356, 5357, 5472, 6388, 6633, 6643, 6770, 6774, 6785, 6786, 6787, 6790, 6806, 6808, 6810, 6812, 6813, 6814, 6815, 6816, 6828, 6829, 6835, 6876, 6891, 6896, 6941, 6947, 7029, 7296, 7313, 7315, 7322, 7324, 7326, 7329, 7330, 7335, 7473, 7481, 7662, 7663, 7685, 7687, 7691, 7700, 7828, 7836, 7857, 7860, 7867, 7878, 8415, 
----------------------------

Polygon ID:	31
color: (0.657308, 0.168981, 0.345561)
Num faces: 108
faces list: 299, 419, 867, 869, 1178, 1902, 2070, 2250, 2251, 2259, 2394, 2500, 2629, 2630, 2634, 2650, 2655, 2657, 2682, 2710, 2716, 3352, 3525, 3528, 3537, 3546, 3551, 3574, 3575, 3577, 3578, 3579, 3584, 3585, 3587, 3611, 3616, 3640, 3646, 3647, 3660, 3669, 3670, 3672, 3676, 3677, 3678, 3680, 3691, 3695, 3793, 3809, 4027, 4029, 4034, 4411, 4419, 4425, 4426, 4446, 4557, 4564, 4569, 4636, 4638, 4643, 4669, 4672, 4676, 4691, 4706, 4709, 4710, 4711, 4712, 4713, 4720, 4724, 4730, 4889, 5276, 5277, 5278, 5290, 5319, 5322, 5749, 6297, 6340, 6870, 7007, 7071, 7307, 7443, 7565, 7576, 7582, 7587, 7718, 7754, 7890, 8218, 8279, 8284, 8288, 8289, 8295, 8533, 
----------------------------

Polygon ID:	32
color: (0.699759, 0.0635395, 0.491897)
Num faces: 72
faces list: 333, 338, 340, 405, 664, 1182, 1317, 1382, 1581, 1583, 1585, 1683, 1685, 1687, 1732, 1736, 2078, 2170, 2352, 2381, 2397, 2406, 2409, 2456, 2945, 2947, 2950, 3396, 3498, 3519, 3540, 3609, 3826, 3970, 4592, 5010, 5059, 5130, 5337, 5952, 5984, 5988, 5989, 6009, 6560, 6677, 6681, 6683, 6702, 6758, 6881, 7080, 7082, 7088, 7095, 7115, 7118, 7123, 7124, 7131, 7138, 7140, 7142, 7143, 7151, 7172, 7176, 7205, 7208, 7396, 7976, 8471, 
----------------------------

Polygon ID:	33
color: (0.949583, 0.147496, 0.504807)
Num faces: 1
faces list: 363, 
----------------------------

Polygon ID:	34
color: (0.692892, 0.905118, 0.141575)
Num faces: 201
faces list: 368, 389, 395, 414, 426, 600, 632, 653, 654, 660, 668, 674, 1157, 1203, 1362, 1363, 1364, 1371, 1499, 1500, 1591, 1594, 1604, 1608, 1610, 1622, 1803, 1806, 1812, 2358, 2378, 2379, 2519, 2520, 2522, 2523, 2537, 2539, 2541, 2543, 2548, 2608, 2647, 2659, 2660, 2661, 2662, 2679, 2693, 2696, 2699, 2700, 4153, 5400, 5411, 5432, 5468, 5692, 6284, 6285, 6286, 6289, 6292, 6296, 6316, 6319, 6320, 6321, 6336, 6338, 6625, 6719, 6777, 6779, 6783, 6792, 6795, 6797, 6799, 6800, 6801, 6802, 6803, 6805, 6811, 6852, 6864, 6894, 6915, 6917, 6920, 6927, 6928, 6940, 6956, 6959, 6961, 6964, 6966, 6976, 7004, 7203, 7374, 7403, 7544, 7558, 7631, 7641, 7642, 7644, 7650, 7651, 7656, 7657, 7709, 7725, 7729, 7735, 7737, 7743, 7749, 7751, 7752, 7753, 7758, 7760, 7763, 7765, 7768, 7770, 7771, 7780, 7781, 7783, 7785, 7843, 7869, 7899, 7914, 7918, 7936, 7941, 7942, 7949, 7950, 7951, 7952, 7984, 8131, 8133, 8143, 8145, 8147, 8164, 8165, 8188, 8190, 8198, 8214, 8224, 8227, 8229, 8241, 8243, 8244, 8256, 8261, 8264, 8268, 8269, 8272, 8274, 8280, 8281, 8283, 8286, 8296, 8299, 8314, 8317, 8319, 8320, 8329, 8345, 8377, 8382, 8386, 8387, 8391, 8393, 8406, 8408, 8409, 8412, 8430, 8432, 8434, 8445, 8447, 8459, 8462, 
----------------------------

Polygon ID:	35
color: (0.0703757, 0.426557, 0.303049)
Num faces: 33
faces list: 530, 1321, 1680, 1713, 1769, 1773, 2338, 2542, 3008, 3009, 3013, 3708, 4102, 5015, 5307, 5365, 5372, 5373, 5966, 6685, 6872, 7165, 7175, 7187, 7199, 7268, 7966, 7973, 7980, 8070, 8092, 8223, 8535, 
----------------------------

Polygon ID:	36
color: (0.153233, 0.683187, 0.966613)
Num faces: 1
faces list: 706, 
----------------------------

Polygon ID:	37
color: (0.582049, 0.82168, 0.877255)
Num faces: 182
faces list: 734, 777, 1019, 1391, 1392, 1394, 1396, 1399, 1401, 1403, 1405, 1407, 1409, 1413, 1425, 1426, 1427, 1429, 1437, 1438, 1439, 1451, 1478, 1798, 1878, 1975, 1991, 2122, 2145, 2149, 2197, 2876, 3136, 3155, 3157, 3160, 3161, 3170, 3172, 3174, 3185, 3201, 3206, 3208, 3314, 3327, 3329, 3334, 3335, 3379, 3432, 3484, 3491, 3493, 3494, 3501, 3503, 3505, 3506, 3518, 3615, 3652, 4271, 4300, 4332, 4453, 4466, 4472, 4731, 4740, 4746, 4773, 4890, 4899, 4902, 4903, 4918, 4950, 5150, 5237, 5238, 5246, 5259, 5260, 5457, 5480, 5517, 5518, 5579, 5582, 5585, 5589, 5595, 5599, 5601, 5602, 5603, 5661, 5751, 5752, 5877, 5882, 5885, 5889, 5891, 5895, 5896, 5902, 5906, 5913, 5914, 5915, 5918, 5921, 5922, 5923, 5924, 5926, 5929, 5930, 5940, 5942, 5945, 6027, 6034, 6044, 6045, 6054, 6057, 6084, 6106, 6108, 6114, 6116, 6117, 6118, 6122, 6127, 6138, 6139, 6141, 6142, 6147, 6150, 6151, 6232, 6233, 6235, 6238, 6239, 6242, 6243, 6244, 6245, 6248, 6249, 6251, 6269, 6416, 6418, 6419, 7442, 7592, 7601, 7604, 7638, 7646, 7655, 7683, 7697, 7773, 7778, 7874, 7877, 8015, 8044, 8048, 8087, 8146, 8156, 8271, 8504, 
----------------------------

Polygon ID:	38
color: (0.817194, 0.177892, 0.191351)
Num faces: 1
faces list: 3190, 
----------------------------

Polygon ID:	39
color: (0.503922, 0.155553, 0.475265)
Num faces: 1
faces list: 3469, 
----------------------------

Polygon ID:	40
color: (0.27958, 0.405591, 0.732017)
Num faces: 1
faces list: 5861, 
----------------------------

Polygon ID:	41
color: (0.755852, 0.682241, 0.568743)
Num faces: 1
faces list: 7237, 
----------------------------

Polygon ID:	42
color: (0.12302, 0.475295, 0.721915)
Num faces: 1
faces list: 8000, 
----------------------------
