

===============================================
Model name: 	teddy
Num Faces: 	5000
Num Vertices: 	2502
Num spheres: 	20
===============================================



Sphere ID:	0
Radius length: 3.99824
Center point: (6.39782, 3.16049, 8.40745)
color: (0.193304, 0.563585, 0.00125126)
Num faces: 333
faces list: 0, 1, 2, 3, 4, 5, 6, 7, 8, 9, 10, 11, 12, 13, 14, 15, 16, 17, 18, 19, 20, 21, 22, 23, 24, 25, 26, 27, 28, 29, 30, 31, 32, 33, 34, 35, 36, 37, 38, 39, 40, 41, 42, 43, 44, 45, 46, 47, 48, 49, 50, 51, 52, 53, 54, 55, 56, 57, 58, 59, 60, 61, 62, 63, 64, 65, 66, 67, 68, 69, 70, 71, 72, 73, 74, 75, 76, 77, 78, 79, 80, 81, 82, 83, 84, 85, 86, 87, 88, 89, 90, 91, 92, 93, 94, 95, 96, 97, 98, 99, 100, 101, 102, 103, 104, 105, 106, 107, 108, 109, 110, 111, 112, 113, 114, 115, 116, 117, 118, 119, 120, 121, 122, 123, 124, 125, 126, 127, 128, 129, 130, 131, 132, 133, 134, 135, 136, 137, 143, 144, 145, 146, 147, 148, 149, 150, 151, 152, 153, 154, 155, 156, 176, 177, 178, 179, 180, 181, 182, 183, 184, 185, 186, 187, 188, 189, 190, 191, 192, 193, 194, 195, 196, 197, 198, 199, 200, 201, 202, 226, 227, 228, 229, 230, 231, 232, 233, 234, 235, 236, 237, 238, 239, 240, 241, 269, 270, 271, 272, 273, 274, 275, 276, 277, 278, 279, 280, 281, 282, 283, 284, 285, 309, 310, 311, 312, 313, 314, 315, 343, 344, 345, 346, 347, 348, 349, 350, 351, 352, 353, 354, 355, 356, 357, 358, 359, 360, 361, 362, 363, 364, 365, 366, 367, 368, 369, 397, 398, 399, 400, 401, 402, 403, 404, 405, 406, 407, 408, 409, 410, 411, 412, 413, 414, 448, 449, 450, 451, 452, 453, 454, 455, 456, 457, 458, 459, 460, 461, 462, 488, 490, 491, 492, 493, 494, 495, 496, 497, 498, 499, 500, 501, 502, 503, 504, 560, 561, 562, 563, 564, 565, 566, 567, 568, 569, 570, 571, 572, 573, 574, 575, 576, 577, 578, 579, 580, 581, 585, 586, 587, 589, 592, 663, 666, 667, 669, 681, 682, 748, 751, 754, 755, 834, 
----------------------------

Sphere ID:	1
Radius length: 3.99996
Center point: (-7.57875, -13.4976, 5.80184)
color: (0.479873, 0.585009, 0.808741)
Num faces: 444
faces list: 138, 139, 140, 141, 142, 157, 158, 159, 160, 161, 162, 163, 164, 165, 166, 167, 168, 169, 170, 171, 172, 173, 174, 175, 203, 204, 205, 206, 207, 208, 209, 210, 211, 212, 213, 214, 215, 216, 217, 218, 219, 220, 221, 222, 223, 224, 225, 242, 243, 244, 245, 246, 247, 248, 249, 250, 251, 252, 253, 254, 255, 256, 257, 258, 259, 260, 261, 262, 263, 264, 265, 266, 267, 268, 286, 287, 288, 289, 290, 291, 292, 293, 294, 295, 296, 297, 298, 299, 300, 301, 302, 303, 304, 305, 306, 307, 308, 316, 317, 318, 319, 320, 321, 322, 323, 324, 325, 326, 327, 328, 329, 330, 331, 332, 333, 334, 335, 336, 337, 338, 339, 340, 341, 342, 370, 371, 372, 373, 374, 375, 376, 377, 378, 379, 380, 381, 382, 383, 384, 385, 386, 387, 388, 389, 390, 391, 392, 393, 394, 395, 396, 415, 416, 417, 418, 419, 420, 421, 422, 423, 424, 425, 426, 427, 428, 429, 430, 431, 432, 433, 434, 435, 436, 437, 438, 439, 440, 441, 442, 443, 444, 445, 463, 464, 465, 466, 467, 468, 469, 470, 471, 472, 473, 474, 475, 476, 477, 478, 479, 480, 481, 531, 532, 533, 534, 535, 536, 537, 538, 539, 540, 541, 542, 543, 544, 545, 546, 547, 548, 549, 550, 551, 552, 553, 554, 555, 556, 557, 558, 559, 644, 645, 646, 647, 648, 649, 650, 651, 652, 653, 654, 655, 656, 657, 658, 659, 726, 727, 728, 729, 730, 731, 732, 733, 734, 735, 736, 737, 738, 739, 740, 741, 742, 743, 791, 792, 793, 794, 795, 796, 797, 798, 799, 800, 801, 802, 803, 804, 805, 806, 807, 808, 809, 810, 879, 882, 883, 884, 885, 886, 887, 888, 889, 890, 891, 892, 893, 894, 895, 896, 897, 898, 899, 900, 901, 902, 903, 904, 905, 906, 978, 979, 985, 986, 987, 988, 989, 990, 991, 992, 993, 994, 995, 996, 997, 998, 1084, 1085, 1088, 1092, 1094, 1095, 1096, 1097, 1098, 1099, 1100, 1101, 1102, 1103, 1104, 1105, 1106, 1107, 1108, 1109, 1183, 1184, 1185, 1187, 1188, 1189, 1190, 1195, 1196, 1201, 1202, 1203, 1208, 1214, 1215, 1216, 1217, 1218, 1219, 1220, 1221, 1222, 1223, 1224, 1225, 1322, 1323, 1336, 1345, 1356, 1357, 1360, 1361, 1362, 1363, 1364, 1365, 1366, 1367, 1368, 1369, 1370, 1371, 1372, 1373, 1374, 1458, 1459, 1460, 1467, 1476, 1477, 1478, 1479, 1480, 1481, 1482, 1483, 1542, 1543, 1547, 1548, 1567, 1568, 1569, 1570, 1571, 1572, 1573, 1574, 1681, 1682, 1683, 1689, 1709, 1713, 1814, 1816, 1819, 1833, 1834, 1835, 1836, 1837, 1838, 1839, 1925, 1926, 1935, 1950, 2047, 2055, 2056, 2062, 2063, 2065, 2066, 2067, 
----------------------------

Sphere ID:	2
Radius length: 3.00099
Center point: (5.48121, 3.4063, 4.83741)
color: (0.82284, 0.895962, 0.350291)
Num faces: 114
faces list: 446, 447, 482, 483, 484, 485, 486, 487, 489, 588, 590, 591, 660, 661, 662, 664, 665, 683, 684, 685, 686, 687, 744, 745, 746, 747, 749, 750, 760, 762, 763, 764, 765, 835, 846, 847, 848, 849, 853, 855, 856, 932, 933, 934, 935, 936, 937, 938, 939, 941, 947, 949, 950, 951, 953, 1033, 1034, 1035, 1036, 1037, 1038, 1039, 1040, 1041, 1042, 1043, 1047, 1048, 1050, 1051, 1054, 1057, 1146, 1147, 1148, 1157, 1160, 1162, 1163, 1164, 1165, 1167, 1268, 1269, 1270, 1282, 1283, 1287, 1290, 1425, 1426, 1428, 1513, 1514, 1518, 1519, 1520, 1521, 1522, 1523, 1524, 1643, 1644, 1647, 1650, 1773, 1777, 1778, 1779, 1780, 1896, 1897, 2009, 2011, 
----------------------------

Sphere ID:	3
Radius length: 6.00034
Center point: (1.51387, -2.09992, 1.41398)
color: (0.858943, 0.174108, 0.746605)
Num faces: 65
faces list: 505, 506, 507, 508, 509, 510, 511, 512, 513, 514, 515, 516, 517, 518, 519, 520, 521, 522, 523, 524, 525, 527, 605, 606, 607, 608, 609, 610, 611, 612, 613, 614, 615, 616, 617, 618, 619, 620, 621, 622, 623, 624, 625, 629, 688, 691, 692, 695, 696, 699, 700, 701, 769, 772, 773, 857, 859, 860, 862, 863, 955, 956, 957, 1062, 1064, 
----------------------------

Sphere ID:	4
Radius length: 6.00141
Center point: (3.60741, -5.59032, 0.22931)
color: (0.303995, 0.513535, 0.710501)
Num faces: 171
faces list: 526, 628, 630, 633, 634, 635, 640, 704, 707, 708, 711, 712, 714, 717, 777, 778, 779, 781, 783, 865, 866, 867, 868, 870, 871, 872, 874, 959, 963, 966, 968, 969, 975, 976, 1066, 1067, 1068, 1071, 1074, 1076, 1077, 1078, 1079, 1081, 1173, 1175, 1177, 1179, 1181, 1191, 1192, 1193, 1303, 1305, 1309, 1310, 1313, 1324, 1328, 1433, 1435, 1436, 1438, 1441, 1443, 1445, 1446, 1447, 1449, 1533, 1534, 1541, 1545, 1659, 1662, 1663, 1664, 1667, 1669, 1670, 1671, 1679, 1792, 1794, 1795, 1798, 1800, 1805, 1903, 1905, 1906, 1908, 2020, 2022, 2023, 2026, 2027, 2133, 2136, 2137, 2139, 2233, 2234, 2238, 2239, 2334, 2336, 2337, 2338, 2341, 2460, 2462, 2466, 2467, 2469, 2471, 2609, 2610, 2612, 2615, 2616, 2618, 2743, 2745, 2749, 2750, 2876, 2877, 2878, 2880, 2884, 2886, 2887, 3034, 3035, 3036, 3151, 3152, 3154, 3155, 3157, 3159, 3280, 3282, 3283, 3284, 3285, 3402, 3403, 3405, 3406, 3408, 3410, 3533, 3534, 3536, 3541, 3543, 3676, 3678, 3680, 3816, 3818, 3819, 3820, 3823, 3825, 3827, 4129, 4130, 4319, 
----------------------------

Sphere ID:	5
Radius length: 7.99853
Center point: (-0.0227093, -6.13703, -0.950056)
color: (0.364452, 0.0914029, 0.0149846)
Num faces: 539
faces list: 528, 529, 530, 626, 627, 631, 632, 636, 637, 638, 639, 641, 642, 643, 702, 703, 705, 706, 709, 710, 713, 715, 716, 718, 719, 720, 721, 722, 723, 724, 725, 774, 775, 776, 780, 782, 784, 785, 786, 787, 788, 789, 790, 869, 873, 875, 876, 877, 878, 880, 881, 961, 962, 964, 965, 967, 970, 971, 972, 973, 974, 977, 980, 981, 982, 983, 984, 1069, 1070, 1072, 1073, 1075, 1080, 1082, 1083, 1086, 1087, 1089, 1090, 1091, 1093, 1176, 1178, 1180, 1182, 1186, 1194, 1197, 1198, 1199, 1200, 1206, 1207, 1211, 1212, 1213, 1304, 1306, 1307, 1308, 1311, 1312, 1315, 1325, 1329, 1334, 1341, 1342, 1343, 1350, 1351, 1352, 1353, 1354, 1439, 1440, 1442, 1444, 1448, 1450, 1462, 1463, 1466, 1468, 1472, 1473, 1535, 1536, 1537, 1538, 1539, 1551, 1553, 1554, 1555, 1560, 1561, 1562, 1563, 1665, 1666, 1668, 1672, 1692, 1693, 1696, 1697, 1704, 1705, 1706, 1797, 1799, 1801, 1802, 1803, 1804, 1818, 1823, 1824, 1825, 1830, 1831, 1832, 1904, 1907, 1909, 1910, 1929, 1930, 1931, 1941, 1942, 1943, 1944, 2024, 2025, 2028, 2051, 2052, 2134, 2135, 2138, 2155, 2156, 2157, 2164, 2165, 2166, 2167, 2168, 2237, 2240, 2241, 2242, 2245, 2339, 2340, 2343, 2360, 2361, 2362, 2363, 2465, 2468, 2470, 2472, 2474, 2475, 2500, 2501, 2614, 2617, 2621, 2626, 2638, 2639, 2640, 2751, 2754, 2769, 2770, 2776, 2881, 2882, 2883, 2885, 2888, 2905, 2908, 2909, 2910, 3037, 3040, 3051, 3052, 3060, 3061, 3062, 3156, 3158, 3163, 3171, 3176, 3179, 3181, 3182, 3183, 3186, 3187, 3188, 3189, 3190, 3191, 3192, 3281, 3286, 3302, 3304, 3307, 3311, 3404, 3407, 3409, 3411, 3422, 3432, 3436, 3441, 3442, 3443, 3444, 3445, 3446, 3447, 3448, 3538, 3539, 3540, 3542, 3544, 3552, 3553, 3560, 3562, 3563, 3570, 3571, 3572, 3573, 3679, 3681, 3682, 3683, 3684, 3688, 3698, 3708, 3715, 3717, 3719, 3720, 3721, 3722, 3724, 3725, 3822, 3824, 3826, 3828, 3829, 3830, 3831, 3834, 3836, 3838, 3845, 3846, 3850, 3853, 3854, 3855, 3856, 3857, 3858, 3859, 3861, 3862, 3975, 3976, 3977, 3978, 3979, 3987, 3988, 3990, 3991, 3992, 3993, 3995, 3996, 3998, 3999, 4000, 4132, 4133, 4134, 4135, 4136, 4137, 4138, 4139, 4140, 4141, 4142, 4143, 4144, 4154, 4155, 4156, 4160, 4162, 4163, 4164, 4165, 4167, 4168, 4321, 4322, 4323, 4324, 4325, 4326, 4327, 4328, 4329, 4330, 4332, 4333, 4335, 4338, 4341, 4342, 4343, 4344, 4346, 4347, 4348, 4349, 4350, 4470, 4471, 4472, 4473, 4474, 4475, 4476, 4477, 4478, 4479, 4480, 4484, 4487, 4490, 4491, 4494, 4495, 4497, 4600, 4601, 4602, 4603, 4604, 4605, 4606, 4607, 4608, 4609, 4610, 4611, 4612, 4613, 4616, 4617, 4622, 4623, 4624, 4625, 4681, 4682, 4683, 4684, 4685, 4686, 4687, 4688, 4689, 4690, 4691, 4692, 4694, 4696, 4697, 4698, 4699, 4700, 4701, 4702, 4737, 4738, 4739, 4740, 4741, 4742, 4743, 4744, 4745, 4746, 4747, 4748, 4749, 4750, 4751, 4752, 4753, 4754, 4755, 4756, 4757, 4758, 4803, 4804, 4805, 4806, 4807, 4808, 4809, 4810, 4811, 4812, 4813, 4814, 4815, 4816, 4817, 4818, 4819, 4820, 4821, 4822, 4823, 4857, 4861, 4862, 4863, 4864, 4865, 4866, 4867, 4868, 4869, 4870, 4871, 4872, 4873, 4874, 4875, 4876, 4877, 4878, 4879, 4880, 4881, 4882, 4883, 4927, 4928, 4931, 4932, 4933, 4936, 4937, 4938, 4939, 4940, 4941, 4942, 4943, 4944, 4945, 4946, 4947, 4948, 4949, 4950, 4951, 4952, 4974, 4975, 4976, 
----------------------------

Sphere ID:	6
Radius length: 7.99958
Center point: (0.0538322, -0.0577141, -0.806762)
color: (0.988525, 0.165899, 0.147313)
Num faces: 162
faces list: 582, 583, 584, 593, 594, 595, 596, 597, 598, 599, 600, 601, 602, 603, 604, 668, 670, 671, 672, 673, 674, 675, 676, 677, 678, 679, 680, 689, 690, 693, 694, 752, 753, 756, 757, 758, 759, 761, 836, 837, 838, 839, 840, 841, 842, 843, 844, 845, 850, 851, 852, 854, 940, 942, 943, 944, 945, 946, 948, 1044, 1045, 1046, 1049, 1052, 1053, 1055, 1056, 1149, 1150, 1151, 1152, 1153, 1154, 1155, 1156, 1158, 1159, 1161, 1271, 1272, 1273, 1274, 1275, 1276, 1277, 1278, 1279, 1280, 1281, 1284, 1285, 1286, 1288, 1289, 1291, 1292, 1413, 1414, 1415, 1416, 1417, 1418, 1419, 1420, 1421, 1422, 1423, 1424, 1427, 1509, 1510, 1515, 1516, 1517, 1640, 1641, 1642, 1645, 1646, 1648, 1649, 1651, 1769, 1770, 1774, 1775, 1776, 1781, 1782, 1784, 1891, 1892, 1895, 2004, 2005, 2007, 2008, 2010, 2013, 2121, 2123, 2124, 2125, 2216, 2218, 2219, 2221, 2222, 2225, 2428, 2430, 2431, 2432, 2705, 2709, 2995, 2997, 3117, 3366, 3367, 3506, 3637, 
----------------------------

Sphere ID:	7
Radius length: 7.9997
Center point: (-0.498233, -0.585461, -1.01034)
color: (0.00466933, 0.119083, 0.445692)
Num faces: 305
faces list: 697, 698, 766, 767, 768, 770, 771, 858, 861, 864, 954, 958, 960, 1058, 1060, 1063, 1065, 1168, 1170, 1171, 1172, 1174, 1293, 1294, 1299, 1301, 1302, 1430, 1432, 1434, 1437, 1526, 1529, 1531, 1532, 1654, 1655, 1657, 1658, 1660, 1661, 1786, 1790, 1793, 1796, 1900, 1901, 1902, 2016, 2018, 2019, 2021, 2126, 2128, 2129, 2130, 2131, 2132, 2226, 2232, 2235, 2236, 2332, 2333, 2335, 2459, 2461, 2463, 2464, 2604, 2605, 2608, 2611, 2613, 2740, 2741, 2744, 2746, 2747, 2748, 2875, 2879, 2996, 2998, 3125, 3126, 3147, 3149, 3150, 3153, 3251, 3252, 3258, 3371, 3396, 3397, 3400, 3401, 3511, 3514, 3515, 3531, 3532, 3535, 3537, 3641, 3645, 3646, 3647, 3673, 3675, 3677, 3791, 3792, 3798, 3814, 3815, 3817, 3821, 3937, 3938, 3942, 3944, 3949, 3950, 3951, 3971, 3973, 3974, 4082, 4083, 4084, 4085, 4086, 4087, 4090, 4091, 4094, 4101, 4124, 4126, 4128, 4131, 4247, 4248, 4249, 4251, 4252, 4253, 4256, 4259, 4263, 4264, 4267, 4269, 4270, 4274, 4277, 4283, 4284, 4297, 4298, 4299, 4309, 4311, 4313, 4316, 4317, 4320, 4431, 4432, 4433, 4440, 4443, 4452, 4463, 4468, 4469, 4554, 4555, 4556, 4557, 4558, 4559, 4564, 4565, 4566, 4567, 4576, 4583, 4586, 4592, 4593, 4594, 4595, 4596, 4597, 4598, 4664, 4665, 4668, 4669, 4670, 4671, 4674, 4676, 4679, 4680, 4714, 4715, 4716, 4717, 4718, 4719, 4720, 4721, 4722, 4723, 4724, 4725, 4730, 4731, 4733, 4734, 4735, 4783, 4784, 4785, 4786, 4787, 4788, 4789, 4790, 4791, 4792, 4793, 4794, 4795, 4796, 4797, 4798, 4799, 4800, 4801, 4802, 4836, 4837, 4838, 4839, 4840, 4841, 4842, 4843, 4844, 4845, 4846, 4847, 4848, 4849, 4850, 4851, 4852, 4853, 4854, 4855, 4856, 4858, 4859, 4860, 4899, 4900, 4901, 4902, 4903, 4904, 4905, 4906, 4907, 4908, 4909, 4910, 4911, 4912, 4913, 4914, 4915, 4916, 4917, 4918, 4919, 4920, 4921, 4922, 4923, 4924, 4925, 4926, 4929, 4930, 4934, 4935, 4970, 4971, 4972, 4973, 
----------------------------

Sphere ID:	8
Radius length: 6.99888
Center point: (-0.088897, 11.7789, -0.708028)
color: (0.531663, 0.37788, 0.0089114)
Num faces: 881
faces list: 811, 812, 813, 814, 815, 816, 817, 818, 819, 820, 821, 822, 823, 824, 825, 826, 827, 828, 829, 830, 831, 832, 833, 907, 908, 909, 910, 911, 912, 913, 914, 915, 916, 917, 918, 919, 920, 921, 922, 923, 924, 925, 926, 927, 928, 929, 930, 931, 999, 1000, 1001, 1002, 1003, 1004, 1005, 1006, 1007, 1008, 1009, 1010, 1011, 1012, 1013, 1014, 1015, 1016, 1017, 1018, 1019, 1020, 1021, 1022, 1023, 1024, 1025, 1026, 1027, 1028, 1029, 1030, 1031, 1032, 1110, 1111, 1112, 1113, 1114, 1115, 1116, 1117, 1118, 1119, 1120, 1121, 1122, 1123, 1124, 1125, 1126, 1127, 1128, 1129, 1130, 1131, 1132, 1133, 1134, 1135, 1136, 1137, 1138, 1139, 1140, 1141, 1142, 1143, 1144, 1145, 1226, 1227, 1228, 1229, 1230, 1231, 1232, 1233, 1234, 1235, 1236, 1237, 1238, 1239, 1240, 1241, 1242, 1243, 1244, 1245, 1246, 1247, 1248, 1249, 1250, 1251, 1252, 1253, 1254, 1255, 1256, 1257, 1258, 1259, 1260, 1261, 1262, 1263, 1264, 1265, 1266, 1267, 1375, 1376, 1377, 1378, 1379, 1380, 1381, 1382, 1383, 1384, 1385, 1386, 1387, 1388, 1389, 1390, 1391, 1392, 1393, 1394, 1395, 1396, 1397, 1398, 1399, 1400, 1401, 1402, 1403, 1404, 1405, 1406, 1407, 1408, 1409, 1410, 1411, 1412, 1484, 1485, 1486, 1487, 1488, 1489, 1490, 1491, 1492, 1493, 1494, 1495, 1496, 1497, 1498, 1499, 1500, 1501, 1502, 1503, 1504, 1505, 1506, 1507, 1508, 1511, 1512, 1599, 1600, 1601, 1602, 1604, 1605, 1606, 1607, 1608, 1609, 1610, 1611, 1612, 1613, 1614, 1615, 1616, 1617, 1618, 1619, 1620, 1621, 1622, 1623, 1624, 1625, 1626, 1627, 1628, 1629, 1630, 1631, 1632, 1633, 1634, 1635, 1636, 1637, 1638, 1639, 1731, 1732, 1733, 1737, 1738, 1739, 1740, 1741, 1745, 1749, 1750, 1752, 1753, 1754, 1755, 1756, 1757, 1758, 1759, 1760, 1761, 1762, 1763, 1764, 1765, 1766, 1767, 1768, 1771, 1772, 1862, 1863, 1865, 1868, 1870, 1871, 1872, 1873, 1874, 1875, 1876, 1877, 1878, 1879, 1880, 1881, 1882, 1883, 1884, 1885, 1886, 1887, 1888, 1889, 1890, 1968, 1969, 1970, 1971, 1972, 1975, 1976, 1977, 1983, 1984, 1985, 1986, 1987, 1988, 1989, 1990, 1991, 1992, 1993, 1994, 1995, 1996, 1997, 1998, 1999, 2001, 2002, 2091, 2092, 2093, 2094, 2096, 2099, 2100, 2102, 2103, 2104, 2105, 2106, 2107, 2108, 2109, 2110, 2111, 2112, 2113, 2114, 2115, 2116, 2117, 2118, 2189, 2192, 2197, 2198, 2199, 2200, 2201, 2202, 2203, 2204, 2205, 2206, 2207, 2208, 2209, 2210, 2211, 2212, 2215, 2290, 2291, 2292, 2293, 2294, 2295, 2297, 2298, 2302, 2303, 2304, 2305, 2306, 2307, 2308, 2309, 2310, 2311, 2312, 2313, 2314, 2315, 2316, 2317, 2319, 2396, 2397, 2399, 2401, 2402, 2407, 2408, 2409, 2410, 2411, 2412, 2413, 2414, 2415, 2416, 2417, 2418, 2419, 2420, 2421, 2422, 2423, 2424, 2426, 2535, 2536, 2537, 2538, 2539, 2541, 2544, 2546, 2547, 2548, 2549, 2550, 2551, 2552, 2553, 2554, 2555, 2556, 2670, 2672, 2676, 2677, 2678, 2680, 2683, 2684, 2685, 2686, 2687, 2688, 2689, 2690, 2691, 2692, 2693, 2694, 2695, 2696, 2697, 2698, 2699, 2700, 2701, 2702, 2814, 2815, 2816, 2821, 2824, 2827, 2828, 2830, 2831, 2832, 2833, 2834, 2835, 2836, 2837, 2838, 2839, 2840, 2841, 2842, 2843, 2844, 2956, 2957, 2958, 2960, 2972, 2973, 2974, 2975, 2976, 2977, 2978, 2979, 2980, 2981, 2982, 2983, 2984, 2985, 2986, 2987, 2988, 2989, 2990, 2991, 2992, 3089, 3090, 3094, 3095, 3096, 3097, 3099, 3103, 3104, 3105, 3106, 3107, 3108, 3109, 3110, 3111, 3112, 3113, 3114, 3115, 3116, 3215, 3216, 3217, 3219, 3221, 3223, 3226, 3227, 3228, 3229, 3230, 3231, 3232, 3233, 3234, 3235, 3236, 3237, 3238, 3239, 3240, 3241, 3242, 3243, 3244, 3245, 3247, 3339, 3340, 3341, 3342, 3344, 3345, 3349, 3351, 3352, 3353, 3354, 3355, 3356, 3357, 3358, 3359, 3360, 3361, 3362, 3363, 3364, 3365, 3470, 3473, 3474, 3475, 3476, 3480, 3481, 3482, 3483, 3484, 3485, 3486, 3487, 3488, 3489, 3490, 3491, 3492, 3493, 3494, 3495, 3496, 3497, 3498, 3499, 3500, 3501, 3502, 3503, 3504, 3606, 3607, 3608, 3611, 3617, 3619, 3620, 3621, 3622, 3623, 3624, 3625, 3626, 3627, 3628, 3629, 3630, 3631, 3632, 3635, 3636, 3755, 3757, 3758, 3759, 3760, 3761, 3762, 3764, 3765, 3766, 3767, 3768, 3769, 3770, 3771, 3772, 3773, 3774, 3775, 3776, 3777, 3778, 3779, 3780, 3781, 3784, 3890, 3891, 3893, 3894, 3897, 3899, 3900, 3904, 3906, 3907, 3908, 3909, 3910, 3911, 3912, 3913, 3914, 3915, 3916, 3917, 3918, 3919, 3920, 3921, 3922, 3923, 3924, 3925, 3926, 3927, 3928, 3929, 3930, 3931, 3934, 4029, 4032, 4033, 4034, 4043, 4044, 4045, 4046, 4047, 4048, 4049, 4050, 4051, 4052, 4053, 4054, 4055, 4056, 4057, 4058, 4059, 4060, 4061, 4062, 4063, 4064, 4065, 4066, 4067, 4068, 4069, 4070, 4071, 4072, 4073, 4074, 4075, 4076, 4077, 4078, 4079, 4196, 4197, 4204, 4205, 4207, 4208, 4209, 4210, 4213, 4214, 4215, 4216, 4217, 4218, 4219, 4220, 4221, 4222, 4223, 4224, 4225, 4226, 4227, 4228, 4229, 4230, 4231, 4232, 4233, 4234, 4235, 4236, 4237, 4238, 4239, 4390, 4391, 4392, 4393, 4394, 4395, 4396, 4397, 4398, 4399, 4400, 4401, 4402, 4403, 4404, 4405, 4406, 4407, 4408, 4409, 4410, 4411, 4412, 4413, 4414, 4415, 4416, 4417, 4418, 4419, 4420, 4421, 4422, 4423, 4424, 4514, 4515, 4516, 4517, 4518, 4519, 4520, 4521, 4522, 4523, 4524, 4525, 4526, 4527, 4528, 4529, 4530, 4531, 4532, 4533, 4534, 4535, 4536, 4537, 4538, 4539, 4540, 4541, 4542, 4543, 4544, 4545, 4546, 4633, 4634, 4635, 4636, 4637, 4638, 4639, 4640, 4641, 4642, 4643, 4644, 4645, 4646, 4647, 4648, 4649, 4650, 4651, 4652, 4653, 4654, 4655, 4656, 4657, 
----------------------------

Sphere ID:	9
Radius length: 8.00011
Center point: (2.93982, -1.04734, -2.58093)
color: (0.607166, 0.601764, 0.571184)
Num faces: 1
faces list: 952, 
----------------------------

Sphere ID:	10
Radius length: 8.00033
Center point: (0.291744, -0.391147, -0.501466)
color: (0.450789, 0.663045, 0.166234)
Num faces: 178
faces list: 1059, 1061, 1166, 1169, 1295, 1296, 1297, 1298, 1300, 1429, 1431, 1525, 1527, 1528, 1530, 1652, 1653, 1656, 1783, 1785, 1787, 1788, 1789, 1791, 1893, 1894, 1898, 1899, 2000, 2003, 2006, 2012, 2014, 2015, 2017, 2119, 2120, 2122, 2127, 2213, 2214, 2217, 2220, 2223, 2224, 2227, 2228, 2229, 2230, 2231, 2318, 2320, 2322, 2326, 2327, 2425, 2427, 2429, 2434, 2440, 2452, 2458, 2560, 2588, 2589, 2606, 2607, 2703, 2704, 2706, 2707, 2723, 2726, 2739, 2742, 2854, 2856, 2860, 2870, 2874, 2993, 2994, 3009, 3031, 3033, 3118, 3124, 3133, 3135, 3136, 3137, 3138, 3148, 3246, 3250, 3262, 3264, 3265, 3266, 3271, 3274, 3279, 3370, 3378, 3380, 3382, 3384, 3385, 3394, 3398, 3399, 3519, 3521, 3639, 3640, 3644, 3652, 3654, 3656, 3658, 3661, 3662, 3672, 3674, 3789, 3790, 3800, 3801, 3802, 3803, 3813, 3941, 3953, 3956, 3963, 3972, 4097, 4098, 4100, 4104, 4106, 4107, 4113, 4125, 4127, 4273, 4282, 4296, 4307, 4308, 4312, 4314, 4315, 4318, 4439, 4446, 4447, 4457, 4467, 4578, 4579, 4588, 4589, 4590, 4591, 4599, 4667, 4672, 4673, 4675, 4677, 4678, 4726, 4727, 4728, 4729, 4732, 4736, 
----------------------------

Sphere ID:	11
Radius length: 3.99876
Center point: (5.78999, -11.6258, -0.628772)
color: (0.607685, 0.0570391, 0.352123)
Num faces: 213
faces list: 1204, 1205, 1209, 1210, 1333, 1337, 1340, 1346, 1347, 1348, 1349, 1358, 1359, 1461, 1465, 1471, 1474, 1475, 1544, 1546, 1549, 1550, 1556, 1557, 1558, 1559, 1566, 1678, 1680, 1684, 1685, 1686, 1687, 1688, 1690, 1691, 1694, 1695, 1699, 1700, 1701, 1702, 1703, 1808, 1810, 1811, 1812, 1813, 1815, 1817, 1820, 1821, 1822, 1828, 1829, 1911, 1913, 1914, 1917, 1919, 1920, 1922, 1923, 1924, 1927, 1928, 1936, 1937, 1938, 1939, 1940, 1946, 2031, 2032, 2034, 2035, 2036, 2042, 2043, 2048, 2049, 2050, 2057, 2058, 2059, 2060, 2061, 2140, 2141, 2142, 2143, 2154, 2159, 2160, 2161, 2162, 2163, 2171, 2243, 2262, 2265, 2266, 2270, 2271, 2272, 2273, 2274, 2342, 2344, 2345, 2347, 2348, 2367, 2372, 2373, 2496, 2498, 2499, 2507, 2515, 2516, 2619, 2620, 2622, 2623, 2625, 2636, 2637, 2643, 2654, 2753, 2768, 2773, 2774, 2775, 2781, 2784, 2785, 2889, 2890, 2891, 2904, 2907, 2914, 2915, 3050, 3056, 3058, 3059, 3065, 3066, 3160, 3161, 3162, 3166, 3167, 3174, 3175, 3178, 3180, 3287, 3303, 3306, 3310, 3312, 3313, 3412, 3419, 3421, 3429, 3430, 3431, 3435, 3440, 3450, 3451, 3547, 3548, 3549, 3557, 3558, 3559, 3566, 3567, 3575, 3576, 3695, 3696, 3697, 3700, 3702, 3703, 3704, 3705, 3706, 3711, 3712, 3713, 3714, 3718, 3723, 3726, 3727, 3839, 3843, 3844, 3848, 3849, 3851, 3852, 3860, 3994, 3997, 
----------------------------

Sphere ID:	12
Radius length: 3.00166
Center point: (-5.09129, -11.9725, 0.886777)
color: (0.519883, 0.802606, 0.783319)
Num faces: 174
faces list: 1314, 1316, 1317, 1318, 1319, 1320, 1321, 1326, 1327, 1330, 1331, 1332, 1335, 1338, 1339, 1344, 1355, 1451, 1452, 1453, 1454, 1455, 1456, 1457, 1464, 1469, 1470, 1540, 1552, 1564, 1565, 1673, 1674, 1675, 1676, 1677, 1698, 1707, 1708, 1710, 1711, 1712, 1806, 1807, 1809, 1826, 1827, 1912, 1915, 1916, 1918, 1921, 1932, 1933, 1934, 1945, 1947, 1948, 1949, 2029, 2030, 2033, 2037, 2039, 2040, 2041, 2045, 2046, 2053, 2054, 2064, 2068, 2069, 2070, 2071, 2144, 2145, 2146, 2147, 2149, 2158, 2169, 2170, 2172, 2173, 2244, 2248, 2250, 2258, 2259, 2260, 2267, 2275, 2276, 2277, 2349, 2353, 2358, 2359, 2364, 2365, 2368, 2369, 2477, 2479, 2480, 2482, 2483, 2484, 2488, 2494, 2497, 2502, 2503, 2508, 2509, 2510, 2511, 2632, 2633, 2634, 2641, 2644, 2755, 2756, 2758, 2761, 2762, 2763, 2766, 2771, 2777, 2778, 2780, 2895, 2899, 2902, 2903, 2911, 2912, 2913, 3044, 3045, 3048, 3053, 3057, 3063, 3170, 3177, 3184, 3185, 3293, 3294, 3297, 3298, 3300, 3301, 3308, 3309, 3425, 3426, 3428, 3433, 3437, 3438, 3439, 3561, 3564, 3568, 3569, 3707, 3709, 3710, 3716, 
----------------------------

Sphere ID:	13
Radius length: 3.00003
Center point: (3.75858, 18.5479, 0.293852)
color: (0.726676, 0.875973, 0.30195)
Num faces: 271
faces list: 1575, 1576, 1577, 1578, 1579, 1580, 1581, 1582, 1583, 1584, 1585, 1586, 1587, 1588, 1589, 1590, 1591, 1592, 1593, 1594, 1595, 1596, 1597, 1598, 1603, 1714, 1715, 1716, 1717, 1718, 1719, 1720, 1721, 1722, 1723, 1724, 1725, 1726, 1727, 1728, 1729, 1730, 1734, 1735, 1736, 1742, 1743, 1744, 1746, 1747, 1748, 1751, 1840, 1841, 1842, 1843, 1844, 1845, 1846, 1847, 1848, 1849, 1850, 1851, 1852, 1853, 1854, 1855, 1856, 1857, 1858, 1859, 1860, 1861, 1864, 1866, 1867, 1869, 1951, 1952, 1953, 1954, 1955, 1956, 1957, 1958, 1959, 1960, 1961, 1962, 1963, 1964, 1965, 1966, 1967, 1973, 1974, 1978, 1979, 1980, 1981, 1982, 2072, 2073, 2074, 2075, 2076, 2077, 2078, 2079, 2080, 2081, 2082, 2083, 2084, 2085, 2086, 2087, 2088, 2089, 2090, 2095, 2097, 2098, 2101, 2174, 2175, 2176, 2177, 2178, 2179, 2180, 2181, 2182, 2183, 2184, 2185, 2186, 2187, 2188, 2190, 2191, 2193, 2194, 2195, 2196, 2278, 2279, 2280, 2281, 2282, 2283, 2284, 2285, 2286, 2287, 2288, 2289, 2296, 2299, 2300, 2301, 2374, 2375, 2376, 2377, 2378, 2379, 2380, 2381, 2382, 2383, 2384, 2385, 2386, 2387, 2388, 2389, 2390, 2391, 2392, 2393, 2394, 2395, 2398, 2400, 2403, 2404, 2405, 2406, 2518, 2519, 2520, 2521, 2522, 2523, 2524, 2525, 2526, 2527, 2528, 2529, 2530, 2531, 2532, 2533, 2534, 2540, 2542, 2543, 2545, 2655, 2656, 2657, 2658, 2659, 2660, 2661, 2662, 2663, 2664, 2665, 2666, 2667, 2668, 2669, 2679, 2681, 2682, 2788, 2789, 2790, 2791, 2792, 2793, 2794, 2795, 2799, 2800, 2801, 2802, 2806, 2807, 2813, 2822, 2823, 2825, 2826, 2829, 2927, 2928, 2929, 2934, 2938, 2939, 2940, 2944, 2945, 2946, 2947, 2948, 2949, 2952, 2953, 2954, 2955, 2963, 2964, 2965, 2969, 2970, 
----------------------------

Sphere ID:	14
Radius length: 4.00004
Center point: (10.2937, -12.8628, -3.50045)
color: (0.539354, 0.925718, 0.955901)
Num faces: 414
faces list: 2038, 2044, 2148, 2150, 2151, 2152, 2153, 2246, 2247, 2249, 2251, 2252, 2253, 2254, 2255, 2256, 2257, 2261, 2263, 2264, 2268, 2269, 2346, 2350, 2351, 2352, 2354, 2355, 2356, 2357, 2366, 2370, 2371, 2473, 2476, 2478, 2481, 2485, 2486, 2487, 2489, 2490, 2491, 2492, 2493, 2495, 2504, 2505, 2506, 2512, 2513, 2514, 2517, 2624, 2627, 2628, 2629, 2630, 2631, 2635, 2642, 2645, 2646, 2647, 2648, 2649, 2650, 2651, 2652, 2653, 2752, 2757, 2759, 2760, 2764, 2765, 2767, 2772, 2779, 2782, 2783, 2786, 2787, 2892, 2893, 2894, 2896, 2897, 2898, 2900, 2901, 2906, 2916, 2917, 2918, 2919, 2920, 2921, 2922, 3038, 3039, 3041, 3042, 3043, 3046, 3047, 3049, 3054, 3055, 3064, 3067, 3068, 3069, 3070, 3071, 3072, 3073, 3164, 3165, 3168, 3169, 3172, 3173, 3193, 3194, 3195, 3196, 3197, 3198, 3199, 3288, 3289, 3290, 3291, 3292, 3295, 3296, 3299, 3305, 3314, 3315, 3316, 3317, 3318, 3319, 3320, 3321, 3413, 3414, 3415, 3416, 3417, 3418, 3420, 3423, 3424, 3427, 3434, 3449, 3452, 3453, 3454, 3455, 3545, 3546, 3550, 3551, 3554, 3555, 3556, 3565, 3574, 3577, 3578, 3579, 3580, 3581, 3582, 3583, 3584, 3585, 3586, 3685, 3686, 3687, 3689, 3690, 3691, 3692, 3693, 3694, 3699, 3701, 3728, 3729, 3730, 3731, 3732, 3733, 3832, 3833, 3835, 3837, 3840, 3841, 3842, 3847, 3863, 3864, 3865, 3866, 3867, 3868, 3869, 3870, 3980, 3981, 3982, 3983, 3984, 3985, 3986, 3989, 4001, 4002, 4003, 4004, 4005, 4006, 4007, 4008, 4009, 4145, 4146, 4147, 4148, 4149, 4150, 4151, 4152, 4153, 4157, 4158, 4159, 4161, 4166, 4169, 4170, 4171, 4172, 4173, 4174, 4175, 4331, 4334, 4336, 4337, 4339, 4340, 4345, 4351, 4352, 4353, 4354, 4355, 4356, 4357, 4358, 4359, 4360, 4361, 4362, 4363, 4364, 4365, 4366, 4481, 4482, 4483, 4485, 4486, 4488, 4489, 4492, 4493, 4496, 4498, 4499, 4500, 4501, 4502, 4503, 4504, 4505, 4506, 4507, 4508, 4614, 4615, 4618, 4619, 4620, 4621, 4626, 4627, 4628, 4629, 4630, 4631, 4632, 4693, 4695, 4703, 4704, 4705, 4706, 4707, 4708, 4709, 4710, 4711, 4712, 4713, 4759, 4760, 4761, 4762, 4763, 4764, 4765, 4766, 4767, 4768, 4769, 4770, 4771, 4772, 4773, 4774, 4775, 4776, 4777, 4778, 4779, 4780, 4781, 4782, 4824, 4825, 4826, 4827, 4828, 4829, 4830, 4831, 4832, 4833, 4834, 4835, 4884, 4885, 4886, 4887, 4888, 4889, 4890, 4891, 4892, 4893, 4894, 4895, 4896, 4897, 4898, 4953, 4954, 4955, 4956, 4957, 4958, 4959, 4960, 4961, 4962, 4963, 4964, 4965, 4966, 4967, 4968, 4969, 4977, 4978, 4979, 4980, 4981, 4982, 4983, 4984, 4985, 4986, 4987, 4988, 4989, 4990, 4991, 4992, 4993, 4994, 4995, 4996, 4997, 4998, 4999, 
----------------------------

Sphere ID:	15
Radius length: 1.99999
Center point: (-5.43827, 3.69973, -0.857701)
color: (0.235328, 0.462081, 0.142338)
Num faces: 19
faces list: 2321, 2323, 2324, 2325, 2433, 2435, 2436, 2437, 2441, 2557, 2558, 2559, 2708, 2710, 2711, 2845, 2846, 3010, 3011, 
----------------------------

Sphere ID:	16
Radius length: 3.0002
Center point: (-6.88931, 2.02701, -2.34746)
color: (0.779656, 0.209601, 0.862239)
Num faces: 44
faces list: 2328, 2329, 2330, 2331, 2442, 2451, 2453, 2456, 2457, 2597, 2598, 2603, 2737, 2738, 2866, 2871, 2872, 2873, 3024, 3032, 3140, 3141, 3146, 3387, 3388, 3395, 3526, 3530, 3663, 3664, 3665, 3808, 3959, 3964, 3970, 4114, 4115, 4120, 4123, 4287, 4288, 4300, 4301, 4310, 
----------------------------

Sphere ID:	17
Radius length: 3.9993
Center point: (-10.1039, 3.55282, -3.19676)
color: (0.999695, 0.996796, 0.843654)
Num faces: 383
faces list: 2438, 2439, 2443, 2444, 2445, 2446, 2447, 2448, 2449, 2450, 2454, 2455, 2561, 2562, 2563, 2564, 2565, 2566, 2567, 2568, 2569, 2570, 2571, 2572, 2573, 2574, 2575, 2576, 2577, 2578, 2579, 2580, 2581, 2582, 2583, 2584, 2585, 2586, 2587, 2590, 2591, 2592, 2593, 2594, 2595, 2596, 2599, 2600, 2601, 2602, 2712, 2713, 2714, 2715, 2716, 2717, 2718, 2719, 2720, 2721, 2722, 2724, 2725, 2727, 2728, 2729, 2730, 2731, 2732, 2733, 2734, 2735, 2736, 2847, 2848, 2849, 2850, 2851, 2852, 2853, 2855, 2857, 2858, 2859, 2861, 2862, 2863, 2864, 2865, 2867, 2868, 2869, 2999, 3000, 3001, 3002, 3003, 3004, 3005, 3006, 3007, 3008, 3012, 3013, 3014, 3015, 3016, 3017, 3018, 3019, 3020, 3021, 3022, 3023, 3025, 3026, 3027, 3028, 3029, 3030, 3119, 3120, 3121, 3122, 3123, 3127, 3128, 3129, 3130, 3131, 3132, 3134, 3139, 3142, 3143, 3144, 3145, 3248, 3249, 3253, 3254, 3255, 3256, 3257, 3259, 3260, 3261, 3263, 3267, 3268, 3269, 3270, 3272, 3273, 3275, 3276, 3277, 3278, 3368, 3369, 3372, 3373, 3374, 3375, 3376, 3377, 3379, 3381, 3383, 3386, 3389, 3390, 3391, 3392, 3393, 3505, 3507, 3508, 3509, 3510, 3512, 3513, 3516, 3517, 3518, 3520, 3522, 3523, 3524, 3525, 3527, 3528, 3529, 3633, 3634, 3638, 3642, 3643, 3648, 3649, 3650, 3651, 3653, 3655, 3657, 3659, 3660, 3666, 3667, 3668, 3669, 3670, 3671, 3782, 3783, 3786, 3787, 3788, 3793, 3794, 3795, 3796, 3797, 3799, 3804, 3805, 3806, 3807, 3809, 3810, 3811, 3812, 3932, 3933, 3935, 3936, 3939, 3940, 3943, 3945, 3946, 3947, 3948, 3952, 3954, 3955, 3957, 3958, 3960, 3961, 3962, 3965, 3966, 3967, 3968, 3969, 4080, 4081, 4088, 4089, 4092, 4093, 4095, 4096, 4099, 4102, 4103, 4105, 4108, 4109, 4110, 4111, 4112, 4116, 4117, 4118, 4119, 4121, 4122, 4240, 4241, 4242, 4243, 4244, 4245, 4246, 4250, 4254, 4255, 4257, 4258, 4260, 4261, 4262, 4265, 4266, 4268, 4271, 4272, 4275, 4276, 4278, 4279, 4280, 4281, 4285, 4286, 4289, 4290, 4291, 4292, 4293, 4294, 4295, 4302, 4303, 4304, 4305, 4306, 4425, 4426, 4427, 4428, 4429, 4430, 4434, 4435, 4436, 4437, 4438, 4441, 4442, 4444, 4445, 4448, 4449, 4450, 4451, 4453, 4454, 4455, 4456, 4458, 4459, 4460, 4461, 4462, 4464, 4465, 4466, 4547, 4548, 4549, 4550, 4551, 4552, 4553, 4560, 4561, 4562, 4563, 4568, 4569, 4570, 4571, 4572, 4573, 4574, 4575, 4577, 4580, 4581, 4582, 4584, 4585, 4587, 4658, 4659, 4660, 4661, 4662, 4663, 4666, 
----------------------------

Sphere ID:	18
Radius length: 3.00025
Center point: (-3.48373, 18.6925, -3.60066)
color: (0.266213, 0.392438, 0.611499)
Num faces: 288
faces list: 2671, 2673, 2674, 2675, 2796, 2797, 2798, 2803, 2804, 2805, 2808, 2809, 2810, 2811, 2812, 2817, 2818, 2819, 2820, 2923, 2924, 2925, 2926, 2930, 2931, 2932, 2933, 2935, 2936, 2937, 2941, 2942, 2943, 2950, 2951, 2959, 2961, 2962, 2966, 2967, 2968, 2971, 3074, 3075, 3076, 3077, 3078, 3079, 3080, 3081, 3082, 3083, 3084, 3085, 3086, 3087, 3088, 3091, 3092, 3093, 3098, 3100, 3101, 3102, 3200, 3201, 3202, 3203, 3204, 3205, 3206, 3207, 3208, 3209, 3210, 3211, 3212, 3213, 3214, 3218, 3220, 3222, 3224, 3225, 3322, 3323, 3324, 3325, 3326, 3327, 3328, 3329, 3330, 3331, 3332, 3333, 3334, 3335, 3336, 3337, 3338, 3343, 3346, 3347, 3348, 3350, 3456, 3457, 3458, 3459, 3460, 3461, 3462, 3463, 3464, 3465, 3466, 3467, 3468, 3469, 3471, 3472, 3477, 3478, 3479, 3587, 3588, 3589, 3590, 3591, 3592, 3593, 3594, 3595, 3596, 3597, 3598, 3599, 3600, 3601, 3602, 3603, 3604, 3605, 3609, 3610, 3612, 3613, 3614, 3615, 3616, 3618, 3734, 3735, 3736, 3737, 3738, 3739, 3740, 3741, 3742, 3743, 3744, 3745, 3746, 3747, 3748, 3749, 3750, 3751, 3752, 3753, 3754, 3756, 3763, 3871, 3872, 3873, 3874, 3875, 3876, 3877, 3878, 3879, 3880, 3881, 3882, 3883, 3884, 3885, 3886, 3887, 3888, 3889, 3892, 3895, 3896, 3898, 3901, 3902, 3903, 3905, 4010, 4011, 4012, 4013, 4014, 4015, 4016, 4017, 4018, 4019, 4020, 4021, 4022, 4023, 4024, 4025, 4026, 4027, 4028, 4030, 4031, 4035, 4036, 4037, 4038, 4039, 4040, 4041, 4042, 4176, 4177, 4178, 4179, 4180, 4181, 4182, 4183, 4184, 4185, 4186, 4187, 4188, 4189, 4190, 4191, 4192, 4193, 4194, 4195, 4198, 4199, 4200, 4201, 4202, 4203, 4206, 4211, 4212, 4367, 4368, 4369, 4370, 4371, 4372, 4373, 4374, 4375, 4376, 4377, 4378, 4379, 4380, 4381, 4382, 4383, 4384, 4385, 4386, 4387, 4388, 4389, 4509, 4510, 4511, 4512, 4513, 
----------------------------

Sphere ID:	19
Radius length: 6.99992
Center point: (-0.927679, 1.32393, 0.219219)
color: (0.0237434, 0.840144, 0.297281)
Num faces: 1
faces list: 3785, 
----------------------------
