

===============================================
Model name: 	bunny10k
Num Faces: 	9999
Num Vertices: 	6164
Num polygons: 	83
-----------------------List of polygons:
===============================================



Polygon ID:	0
color: (0.193304, 0.563585, 0.00125126)
Num faces: 138
faces list: 0, 2, 29, 35, 40, 47, 48, 53, 58, 66, 73, 74, 80, 81, 90, 106, 115, 124, 125, 138, 167, 202, 214, 230, 248, 263, 295, 327, 353, 398, 494, 517, 835, 836, 1014, 1412, 1436, 1458, 1527, 3801, 3934, 3940, 3947, 3954, 3965, 3967, 3974, 3980, 3988, 4026, 4059, 4069, 4080, 4081, 4083, 4124, 4125, 4134, 4148, 4165, 4166, 4179, 4190, 4192, 4206, 4216, 4242, 4270, 4283, 4293, 4294, 4317, 4326, 4385, 4386, 4423, 4438, 5353, 5354, 5500, 5544, 5942, 5943, 6015, 6133, 6194, 6260, 6261, 6523, 6587, 6665, 6673, 6720, 6729, 6733, 6848, 6886, 6900, 6952, 6964, 6974, 6979, 6986, 6987, 6993, 6994, 6995, 7017, 7029, 7036, 7037, 7038, 7051, 7052, 7053, 7062, 7068, 7069, 7070, 7079, 7085, 7096, 7105, 7118, 7119, 7123, 7129, 7146, 7148, 7186, 7195, 7197, 7212, 7233, 7238, 7425, 7840, 8604, 
----------------------------

Polygon ID:	1
color: (0.479873, 0.585009, 0.808741)
Num faces: 105
faces list: 1, 22, 49, 50, 103, 104, 123, 292, 667, 1272, 1335, 1341, 1464, 1497, 1499, 3775, 3776, 3777, 3778, 3779, 3780, 3836, 3837, 3873, 3917, 3918, 3959, 3960, 3962, 3968, 3970, 3973, 3979, 3981, 3986, 3987, 3993, 4004, 4017, 4018, 4028, 4030, 4051, 4063, 4064, 4074, 4076, 4082, 4087, 4088, 4089, 4090, 4093, 4096, 4099, 4101, 4102, 4110, 4111, 4113, 4114, 4128, 4146, 4161, 4167, 4172, 4174, 4182, 4197, 4205, 4208, 4209, 4210, 4220, 4221, 4222, 4228, 4229, 4230, 4231, 4232, 4236, 4248, 4263, 4273, 4274, 4304, 4306, 4324, 4327, 4328, 4334, 4378, 4403, 4417, 4425, 4436, 4514, 4524, 6654, 6708, 6709, 6737, 6738, 6840, 
----------------------------

Polygon ID:	2
color: (0.82284, 0.895962, 0.350291)
Num faces: 349
faces list: 3, 4, 5, 13, 37, 39, 42, 43, 44, 54, 56, 59, 60, 61, 62, 64, 69, 70, 71, 76, 78, 79, 84, 86, 87, 94, 96, 98, 99, 119, 126, 127, 137, 142, 143, 144, 154, 185, 187, 199, 229, 231, 233, 251, 262, 264, 265, 272, 293, 307, 308, 316, 326, 336, 339, 367, 368, 369, 396, 397, 399, 412, 416, 426, 434, 436, 453, 454, 475, 493, 515, 527, 529, 537, 552, 559, 574, 602, 654, 657, 658, 687, 713, 716, 717, 718, 719, 720, 733, 742, 745, 748, 749, 753, 755, 756, 757, 796, 797, 822, 826, 827, 829, 849, 850, 864, 874, 884, 908, 909, 919, 928, 957, 958, 959, 960, 961, 977, 979, 1007, 1008, 1025, 1026, 1027, 1029, 1033, 1054, 1074, 1075, 1081, 1102, 1103, 1104, 1123, 1136, 1156, 1161, 1165, 1181, 1182, 1192, 1217, 1218, 1234, 1239, 1256, 1268, 1281, 1282, 1283, 1296, 1312, 1319, 1326, 1327, 1330, 1339, 1350, 1351, 1355, 1364, 1369, 1372, 1376, 1383, 1385, 1386, 1391, 1392, 1393, 1396, 1398, 1413, 1420, 1423, 1435, 1438, 1440, 1446, 1451, 1455, 1459, 1460, 1469, 1470, 1471, 1472, 1483, 1487, 1489, 1490, 1504, 1508, 1509, 1514, 1533, 1534, 1535, 1549, 1551, 1552, 1560, 1588, 1589, 1594, 1597, 1609, 1610, 1611, 1612, 1637, 1638, 1639, 1644, 1647, 1657, 1658, 1659, 1660, 1682, 1683, 1684, 1685, 1687, 1691, 1700, 1701, 1720, 1721, 1722, 1723, 1725, 1745, 1764, 1765, 1787, 1788, 1789, 1790, 1820, 1841, 1843, 1929, 2070, 2084, 2134, 2158, 2179, 2224, 2250, 2265, 2285, 2569, 2641, 2643, 2652, 2691, 2799, 2807, 2864, 2944, 3396, 3702, 3786, 3855, 3889, 3899, 3916, 3955, 3964, 3990, 3992, 3999, 4000, 4014, 4015, 4016, 4039, 4043, 4048, 4055, 4060, 4084, 4086, 4094, 4097, 4120, 4123, 4133, 4136, 4145, 4149, 4153, 4160, 4164, 4171, 4177, 4188, 4198, 4213, 4243, 4281, 4313, 4315, 4342, 4372, 4382, 4383, 4384, 4388, 4389, 4400, 4401, 4402, 4413, 4414, 4415, 4422, 4434, 4435, 4439, 4443, 4444, 4445, 4446, 4454, 4455, 4456, 4457, 4458, 4459, 4471, 4472, 4476, 4493, 4494, 4506, 4507, 4508, 4509, 4510, 4520, 4561, 5793, 7046, 8973, 9236, 9378, 9638, 
----------------------------

Polygon ID:	3
color: (0.858943, 0.174108, 0.746605)
Num faces: 110
faces list: 6, 18, 25, 55, 153, 516, 557, 710, 752, 777, 830, 831, 861, 915, 929, 930, 983, 1035, 1036, 1037, 1083, 1110, 1111, 1112, 1139, 1140, 1168, 1188, 1189, 1190, 1267, 1378, 1498, 1802, 1874, 1961, 2011, 2028, 2192, 2273, 2638, 2883, 2885, 2984, 3006, 3839, 3888, 3900, 3901, 3902, 3935, 3952, 3969, 4045, 4054, 4078, 4091, 4092, 4095, 4116, 4131, 4157, 4175, 4180, 4193, 4196, 4235, 4244, 4250, 4251, 4269, 4287, 4312, 4329, 4353, 4393, 4419, 4447, 4479, 4485, 4525, 4610, 4630, 4643, 4916, 4928, 4956, 5174, 5279, 5321, 5322, 5476, 5485, 6051, 6081, 6112, 6239, 6414, 6443, 6497, 7177, 7244, 7444, 8522, 9031, 9032, 9097, 9113, 9476, 9489, 
----------------------------

Polygon ID:	4
color: (0.303995, 0.513535, 0.710501)
Num faces: 123
faces list: 7, 24, 30, 31, 32, 46, 51, 63, 113, 129, 186, 328, 473, 560, 689, 690, 784, 837, 1124, 1213, 1316, 1362, 1370, 1439, 1442, 1461, 1482, 1955, 2419, 2515, 2539, 2595, 2865, 3003, 3095, 3096, 3118, 3133, 3254, 3275, 3362, 3453, 3621, 3622, 3699, 3781, 3782, 3783, 3784, 3819, 3824, 3838, 3847, 3856, 3933, 3941, 3945, 3946, 3948, 3957, 3963, 3966, 3975, 3976, 3983, 3985, 3989, 3991, 3995, 3996, 3997, 4002, 4003, 4005, 4022, 4042, 4052, 4058, 4062, 4072, 4075, 4077, 4079, 4085, 4105, 4109, 4112, 4121, 4138, 4143, 4155, 4173, 4191, 4194, 4246, 4271, 4275, 4284, 4288, 4295, 4296, 4297, 4325, 4379, 4418, 4450, 4464, 4477, 4478, 4486, 4496, 4645, 4734, 4735, 4760, 4826, 6536, 6634, 6692, 6693, 6727, 7151, 9551, 
----------------------------

Polygon ID:	5
color: (0.364452, 0.0914029, 0.0149846)
Num faces: 106
faces list: 8, 28, 45, 77, 148, 244, 313, 413, 471, 686, 862, 932, 1394, 1849, 1920, 2327, 2343, 2375, 2408, 2410, 2411, 2437, 2507, 2511, 2512, 2513, 2517, 2532, 2551, 2552, 2554, 2571, 2581, 2966, 3067, 3170, 3174, 3567, 3570, 3595, 3617, 3625, 3626, 3627, 3628, 3640, 3659, 3660, 3670, 3677, 3678, 3694, 3703, 3704, 3721, 3723, 3735, 3736, 3737, 3748, 3752, 3753, 3754, 3755, 3767, 3898, 3914, 3927, 3998, 4024, 4025, 4027, 4038, 4040, 4049, 4067, 4068, 4071, 4073, 4098, 4130, 4132, 4163, 4181, 4184, 4207, 4218, 4240, 4247, 4259, 4305, 4330, 4336, 4371, 4475, 4512, 4513, 5124, 5399, 6785, 6966, 7014, 7172, 7461, 7513, 9098, 
----------------------------

Polygon ID:	6
color: (0.988525, 0.165899, 0.147313)
Num faces: 146
faces list: 9, 16, 21, 23, 34, 107, 109, 110, 128, 135, 216, 252, 266, 370, 439, 758, 807, 883, 891, 986, 1169, 1366, 1384, 1388, 1434, 1437, 1462, 2157, 2233, 2263, 2679, 2751, 2856, 3029, 3064, 3066, 3080, 3085, 3110, 3130, 3151, 3163, 3173, 3194, 3195, 3202, 3203, 3213, 3215, 3242, 3266, 3284, 3293, 3305, 3314, 3318, 3369, 3374, 3385, 3389, 3398, 3399, 3403, 3415, 3427, 3430, 3490, 3517, 3534, 3535, 3553, 3573, 3581, 3605, 3606, 3642, 3866, 3977, 4057, 4344, 4424, 4467, 4490, 4502, 4519, 4531, 5352, 5512, 5615, 5696, 5837, 5879, 5950, 5977, 5979, 6011, 6042, 6117, 6165, 6231, 6265, 6307, 6308, 6336, 6338, 6339, 6374, 6375, 6376, 6377, 6378, 6404, 6405, 6406, 6407, 6409, 6434, 6435, 6436, 6437, 6438, 6439, 6461, 6462, 6463, 6464, 6465, 6466, 6488, 6489, 6490, 6491, 6492, 6493, 6494, 6495, 6496, 7504, 8029, 8048, 8075, 8076, 8460, 8490, 8491, 8562, 
----------------------------

Polygon ID:	7
color: (0.00466933, 0.119083, 0.445692)
Num faces: 136
faces list: 10, 17, 36, 57, 67, 68, 114, 139, 150, 151, 165, 169, 174, 184, 215, 224, 249, 325, 415, 456, 472, 783, 916, 985, 1219, 1900, 1954, 2275, 2293, 2483, 2553, 2759, 2870, 3005, 3007, 3008, 3010, 3033, 3034, 3090, 3131, 3144, 3167, 3197, 3199, 3245, 3299, 3300, 3309, 3329, 3485, 3498, 3532, 3579, 3603, 3921, 3928, 4126, 4144, 4156, 4233, 4272, 4289, 4307, 4361, 4363, 4395, 4429, 4440, 4529, 4530, 4958, 5503, 5504, 5614, 5693, 5697, 5715, 5727, 5790, 5791, 5976, 5978, 6001, 6013, 6021, 6022, 6041, 6043, 6056, 6059, 6095, 6096, 6097, 6114, 6116, 6254, 6255, 6277, 6286, 6287, 6288, 6289, 6290, 6292, 6327, 6328, 6329, 6369, 6370, 6395, 6396, 6397, 6398, 6399, 6424, 6425, 6426, 6453, 6454, 6455, 6456, 6457, 6478, 6479, 6480, 6481, 6482, 6483, 6509, 6510, 6511, 6512, 6513, 6514, 6515, 
----------------------------

Polygon ID:	8
color: (0.531663, 0.37788, 0.0089114)
Num faces: 132
faces list: 11, 12, 14, 19, 20, 91, 105, 118, 134, 149, 227, 228, 271, 414, 432, 583, 617, 920, 1409, 1411, 1598, 1906, 2443, 2922, 2946, 3301, 3302, 3537, 3774, 3788, 3789, 3795, 3796, 3802, 3818, 3846, 3854, 3942, 3943, 3944, 3950, 3978, 3994, 4006, 4012, 4013, 4033, 4034, 4035, 4047, 4053, 4065, 4066, 4100, 4104, 4159, 4183, 4195, 4234, 4249, 4282, 4303, 4314, 4343, 4484, 4495, 4516, 4523, 4542, 4552, 4575, 4608, 4619, 4628, 4635, 4636, 4644, 4646, 4658, 4659, 4674, 4675, 4687, 4732, 4769, 4770, 4781, 4782, 4786, 4797, 4816, 4832, 4872, 5034, 5060, 5128, 5151, 5157, 5225, 5295, 5419, 5434, 5438, 5466, 5474, 5477, 5483, 5506, 5529, 5540, 5542, 5543, 5576, 5598, 5599, 5652, 5721, 5723, 5724, 5733, 5827, 5843, 5849, 6074, 6144, 6410, 6441, 6705, 6807, 7184, 7612, 7693, 
----------------------------

Polygon ID:	9
color: (0.607166, 0.601764, 0.571184)
Num faces: 166
faces list: 15, 75, 192, 217, 261, 270, 616, 637, 664, 706, 735, 740, 798, 812, 813, 877, 892, 934, 1030, 1084, 1162, 1215, 1289, 1530, 1627, 1643, 1678, 1679, 1703, 1786, 1800, 1824, 1867, 2071, 2129, 2248, 2249, 2304, 2342, 2432, 2535, 2729, 3009, 3013, 3014, 3015, 3017, 3022, 3041, 3043, 3055, 3058, 3059, 3061, 3074, 3077, 3083, 3106, 3111, 3116, 3117, 3127, 3132, 3138, 3156, 3158, 3159, 3160, 3161, 3168, 3190, 3198, 3204, 3212, 3232, 3233, 3234, 3235, 3236, 3237, 3248, 3255, 3269, 3281, 3294, 3295, 3312, 3315, 3335, 3336, 3337, 3338, 3339, 3363, 3365, 3377, 3392, 3417, 3418, 3420, 3421, 3422, 3433, 3441, 3442, 3449, 3452, 3466, 3470, 3475, 3476, 3499, 3522, 3523, 3587, 3602, 3638, 3639, 3656, 3658, 3664, 3676, 3687, 3690, 3698, 3725, 3743, 3744, 3750, 3797, 4129, 4332, 4416, 4449, 4473, 4660, 4753, 4754, 4948, 5047, 5065, 5159, 5310, 5324, 5403, 5404, 5491, 5712, 5852, 6073, 6310, 6561, 6678, 6694, 6711, 6712, 6723, 6724, 7694, 7707, 7777, 8005, 8055, 8640, 8651, 8731, 
----------------------------

Polygon ID:	10
color: (0.450789, 0.663045, 0.166234)
Num faces: 128
faces list: 26, 204, 211, 638, 1850, 1909, 2388, 2786, 2844, 3039, 3045, 3051, 3129, 3165, 3497, 3560, 3717, 3835, 3939, 4356, 4897, 4963, 5126, 5511, 5658, 5659, 5660, 5673, 5675, 5676, 5677, 5679, 5695, 5728, 5729, 5730, 5731, 5732, 5751, 5752, 5753, 5755, 5756, 5758, 5782, 5783, 5784, 5800, 5802, 5803, 5804, 5805, 5833, 5834, 5835, 5836, 5844, 5850, 5854, 5855, 5856, 5857, 5859, 5860, 5861, 5883, 5884, 5885, 5907, 5908, 5909, 5910, 5912, 5935, 5938, 5959, 5960, 5961, 5962, 5963, 5964, 6099, 6126, 6205, 6299, 6382, 6516, 6535, 6548, 6575, 6628, 6638, 6658, 6707, 6718, 6770, 6772, 6773, 6794, 6815, 6897, 6929, 6941, 6970, 7099, 7274, 7336, 7338, 7542, 7582, 7606, 7667, 7710, 7885, 8003, 8132, 8279, 8297, 8314, 8325, 8353, 8368, 8515, 8547, 8557, 8660, 8734, 9907, 
----------------------------

Polygon ID:	11
color: (0.607685, 0.0570391, 0.352123)
Num faces: 113
faces list: 27, 1250, 1251, 1252, 1318, 1431, 1432, 1433, 1479, 1480, 1481, 1484, 1496, 1500, 1523, 1525, 1526, 1544, 1545, 1565, 1566, 1567, 1568, 1569, 1570, 1572, 1573, 1574, 1575, 1930, 2349, 3864, 4050, 4337, 4375, 4536, 4539, 4541, 4544, 4554, 4567, 4579, 4580, 4588, 4589, 4591, 4599, 4605, 4616, 4624, 4626, 4632, 4633, 4638, 4639, 4640, 4642, 4665, 4668, 4670, 4678, 4679, 4683, 4684, 4703, 4705, 4716, 4718, 4728, 4736, 4744, 4763, 4767, 4771, 4774, 4803, 4815, 4818, 4823, 4830, 4892, 4893, 4904, 4923, 4924, 4939, 4950, 4967, 4970, 4995, 4996, 5008, 5015, 5039, 5046, 5051, 5056, 5067, 5075, 5087, 5110, 5130, 5131, 5143, 5145, 5158, 5176, 5193, 5197, 5199, 5277, 5323, 6701, 
----------------------------

Polygon ID:	12
color: (0.519883, 0.802606, 0.783319)
Num faces: 36
faces list: 33, 250, 711, 722, 855, 885, 910, 1170, 1266, 1295, 1311, 2018, 2368, 2471, 2857, 3047, 3147, 3192, 3256, 3613, 3673, 3674, 3794, 4521, 4569, 4778, 5171, 5378, 5657, 5797, 6566, 7944, 8021, 8827, 9104, 9340, 
----------------------------

Polygon ID:	13
color: (0.726676, 0.875973, 0.30195)
Num faces: 154
faces list: 38, 122, 329, 555, 856, 1320, 2177, 2582, 2659, 2712, 2758, 2910, 3816, 4316, 4500, 4537, 4566, 4602, 4699, 4740, 4833, 4871, 4890, 4913, 5068, 5138, 5180, 5246, 5343, 5356, 5357, 5360, 5362, 5363, 5366, 5367, 5368, 5370, 5371, 5372, 5373, 5374, 5375, 5376, 5377, 5380, 5381, 5382, 5383, 5384, 5385, 5386, 5387, 5388, 5389, 5391, 5392, 5393, 5394, 5395, 5396, 5397, 5398, 5401, 5402, 5406, 5407, 5408, 5409, 5410, 5413, 5414, 5415, 5416, 5417, 5421, 5422, 5423, 5424, 5425, 5426, 5427, 5431, 5432, 5433, 5435, 5439, 5440, 5441, 5442, 5443, 5444, 5446, 5447, 5448, 5449, 5450, 5454, 5455, 5456, 5457, 5458, 5463, 5464, 5465, 5468, 5469, 5470, 5471, 5472, 5473, 5479, 5480, 5481, 5484, 5488, 5489, 5498, 5499, 5796, 6054, 6555, 6623, 6717, 6736, 6778, 7284, 7471, 7487, 7509, 7510, 7525, 7553, 7662, 7732, 7816, 7884, 7983, 8148, 8211, 8291, 8343, 8366, 8403, 8539, 8585, 8605, 8649, 8658, 8848, 9421, 9534, 9552, 9764, 
----------------------------

Polygon ID:	14
color: (0.539354, 0.925718, 0.955901)
Num faces: 116
faces list: 41, 89, 518, 692, 2987, 4656, 4831, 4847, 4848, 4849, 4850, 4875, 4877, 5162, 5209, 5212, 5238, 5267, 5812, 5880, 5902, 6045, 6206, 6207, 6208, 6214, 6242, 6243, 6244, 6275, 6276, 6316, 6318, 6348, 6349, 6350, 6351, 6353, 6354, 6383, 6384, 6415, 6416, 6417, 6418, 6472, 6498, 6500, 6502, 6503, 6550, 6562, 6574, 6690, 7074, 7113, 7137, 7168, 7170, 7171, 7187, 7202, 7224, 7264, 7352, 7354, 7355, 7371, 7406, 7437, 7530, 7540, 7551, 7679, 7699, 7701, 7706, 7747, 7748, 7749, 7781, 7783, 7966, 8049, 8094, 8095, 8137, 8172, 8195, 8209, 8231, 8246, 8257, 8278, 8280, 8295, 8296, 8320, 8321, 8323, 8324, 8348, 8349, 8374, 8396, 8397, 8437, 8464, 8541, 8601, 9273, 9274, 9382, 9383, 9497, 9515, 
----------------------------

Polygon ID:	15
color: (0.235328, 0.462081, 0.142338)
Num faces: 423
faces list: 52, 72, 83, 95, 157, 158, 159, 160, 161, 177, 178, 195, 196, 197, 198, 209, 221, 222, 240, 241, 256, 257, 365, 395, 435, 526, 854, 890, 939, 1214, 1241, 1242, 1363, 1368, 1395, 1476, 1626, 1804, 1805, 1806, 1828, 1835, 1847, 1852, 1853, 1854, 1862, 1863, 1864, 1865, 1872, 1883, 1884, 1885, 1886, 1887, 1888, 1889, 1890, 1897, 1898, 1899, 1904, 1905, 1916, 1917, 1918, 1926, 1927, 1933, 1934, 1935, 1940, 1941, 1942, 1943, 1944, 1945, 1946, 1947, 1958, 1959, 1960, 1972, 1973, 1974, 1975, 1976, 1977, 1982, 1986, 1987, 1988, 1989, 1993, 1994, 1998, 2004, 2005, 2006, 2007, 2008, 2009, 2010, 2017, 2019, 2020, 2024, 2025, 2026, 2027, 2035, 2038, 2039, 2040, 2041, 2042, 2051, 2054, 2055, 2056, 2057, 2058, 2059, 2060, 2061, 2069, 2073, 2074, 2075, 2076, 2077, 2078, 2079, 2082, 2087, 2088, 2089, 2090, 2091, 2092, 2098, 2104, 2106, 2107, 2108, 2109, 2110, 2111, 2112, 2118, 2120, 2121, 2122, 2123, 2124, 2133, 2137, 2138, 2139, 2140, 2141, 2142, 2143, 2144, 2145, 2146, 2147, 2151, 2152, 2159, 2160, 2161, 2167, 2170, 2180, 2181, 2182, 2183, 2184, 2185, 2186, 2187, 2188, 2189, 2190, 2191, 2205, 2206, 2210, 2217, 2218, 2220, 2221, 2222, 2223, 2225, 2226, 2227, 2228, 2230, 2235, 2238, 2242, 2243, 2244, 2245, 2246, 2247, 2252, 2255, 2260, 2266, 2267, 2268, 2269, 2282, 2283, 2286, 2287, 2288, 2291, 2295, 2303, 2321, 2322, 2323, 2324, 2325, 2326, 2334, 2338, 2346, 2350, 2351, 2361, 2363, 2364, 2369, 2371, 2377, 2380, 2386, 2387, 2394, 2395, 2396, 2397, 2409, 2439, 2440, 2446, 2456, 2458, 2459, 2468, 2469, 2473, 2474, 2481, 2485, 2486, 2488, 2490, 2491, 2492, 2527, 2528, 2529, 2530, 2531, 2533, 2556, 2558, 2560, 2563, 2568, 2600, 2649, 2654, 2657, 2668, 2677, 2682, 2684, 2685, 2690, 2700, 2736, 2744, 2768, 2776, 2789, 2790, 2791, 2793, 2796, 2822, 2823, 2849, 2855, 2880, 2881, 2887, 2888, 2895, 2907, 2916, 2917, 2918, 2919, 2921, 2937, 2939, 2941, 2943, 2948, 2949, 2950, 2951, 2952, 2960, 2961, 2963, 2967, 2969, 2970, 2971, 2972, 2983, 2986, 2988, 2989, 2990, 2991, 2992, 2993, 2994, 2995, 2996, 2997, 3071, 3093, 3097, 3125, 3126, 3179, 3251, 3252, 3270, 3278, 3279, 3296, 3297, 3319, 3359, 3361, 3402, 3459, 3529, 3554, 3577, 3584, 3585, 3615, 3648, 3655, 3662, 3679, 3720, 3749, 3765, 3793, 3812, 3817, 3907, 3931, 4001, 4023, 4032, 4036, 4107, 4108, 4137, 4141, 4154, 4158, 4178, 4204, 4219, 4258, 4333, 4338, 4339, 4340, 4359, 4410, 4448, 4480, 4572, 4724, 4762, 4907, 5017, 5019, 5040, 5220, 5336, 5593, 5610, 5678, 6016, 6315, 6668, 6674, 6751, 7198, 7459, 8293, 8602, 8757, 8846, 9152, 
----------------------------

Polygon ID:	16
color: (0.779656, 0.209601, 0.862239)
Num faces: 264
faces list: 65, 170, 296, 330, 438, 459, 474, 1010, 1243, 1294, 1365, 1766, 2347, 2577, 2933, 2954, 3001, 3030, 3060, 3079, 3153, 3154, 3290, 3495, 3657, 3661, 3799, 3806, 3849, 3926, 3953, 4106, 4321, 4364, 4380, 4522, 4528, 4543, 4708, 4711, 4712, 4713, 4794, 4804, 4814, 4825, 4827, 4852, 4854, 4878, 4944, 5021, 5025, 5053, 5054, 5098, 5105, 5139, 5654, 6217, 6218, 6245, 6246, 6247, 6248, 6249, 6250, 6251, 6252, 6253, 6281, 6282, 6283, 6284, 6285, 6321, 6323, 6324, 6325, 6326, 6362, 6363, 6364, 6365, 6366, 6367, 6368, 6387, 6388, 6389, 6390, 6391, 6392, 6393, 6394, 6421, 6422, 6423, 6447, 6448, 6449, 6450, 6451, 6452, 6474, 6475, 6476, 6477, 6507, 6508, 7223, 7349, 7350, 7608, 7821, 8762, 8787, 8867, 8903, 8960, 9026, 9046, 9059, 9074, 9089, 9091, 9094, 9095, 9096, 9110, 9112, 9126, 9136, 9137, 9138, 9139, 9146, 9157, 9159, 9160, 9161, 9162, 9163, 9164, 9165, 9180, 9181, 9182, 9183, 9184, 9185, 9198, 9199, 9200, 9214, 9215, 9216, 9217, 9218, 9219, 9220, 9242, 9243, 9244, 9245, 9246, 9247, 9248, 9249, 9261, 9262, 9263, 9264, 9265, 9266, 9267, 9268, 9277, 9278, 9279, 9280, 9281, 9282, 9283, 9284, 9303, 9304, 9305, 9306, 9307, 9308, 9322, 9323, 9324, 9325, 9342, 9343, 9344, 9345, 9346, 9347, 9348, 9349, 9365, 9366, 9367, 9368, 9389, 9390, 9391, 9392, 9393, 9394, 9395, 9409, 9410, 9411, 9412, 9413, 9414, 9415, 9416, 9430, 9431, 9432, 9433, 9447, 9448, 9449, 9450, 9451, 9452, 9453, 9454, 9455, 9456, 9472, 9473, 9474, 9490, 9491, 9503, 9504, 9505, 9516, 9517, 9518, 9519, 9520, 9535, 9536, 9537, 9538, 9539, 9550, 9601, 9602, 9669, 9693, 9762, 9765, 9793, 9843, 9958, 
----------------------------

Polygon ID:	17
color: (0.999695, 0.996796, 0.843654)
Num faces: 88
faces list: 82, 302, 441, 607, 832, 881, 980, 1009, 1249, 1414, 1422, 2063, 2086, 2430, 3829, 4061, 4170, 4237, 4331, 4391, 4603, 4625, 4860, 5155, 5185, 6010, 6710, 6739, 6740, 6741, 6742, 6743, 6762, 6764, 6782, 6783, 6798, 6799, 6813, 6844, 6851, 6863, 6869, 6870, 6889, 6908, 6924, 6925, 6939, 6940, 6948, 6950, 6951, 6967, 6968, 6976, 6977, 6978, 6992, 7015, 7016, 7035, 7067, 7241, 7268, 7347, 7365, 7366, 7408, 7467, 7492, 7511, 7613, 7615, 7622, 7779, 7922, 7924, 7964, 7981, 8046, 8149, 8289, 8355, 8526, 8588, 8603, 8659, 
----------------------------

Polygon ID:	18
color: (0.266213, 0.392438, 0.611499)
Num faces: 126
faces list: 85, 556, 558, 612, 613, 614, 615, 665, 666, 688, 715, 778, 779, 780, 781, 782, 808, 809, 810, 811, 833, 834, 863, 886, 887, 888, 889, 918, 935, 936, 937, 938, 940, 967, 968, 987, 988, 989, 990, 991, 992, 1015, 1016, 1017, 1018, 1019, 1061, 1062, 1063, 1064, 1085, 1086, 1087, 1114, 1115, 1125, 1126, 1143, 1171, 1194, 1195, 1221, 1297, 1821, 1869, 1892, 1928, 2030, 2080, 2095, 2096, 2119, 2126, 2127, 2162, 2193, 2208, 2231, 2232, 2236, 2417, 2861, 3028, 3250, 3419, 3745, 4009, 4261, 4559, 4565, 4584, 4612, 4613, 4615, 4617, 4648, 4652, 4663, 4669, 4677, 4681, 4730, 4733, 4779, 4780, 4783, 4931, 4935, 4949, 4974, 5012, 5014, 5074, 5095, 5218, 5254, 5674, 6342, 6896, 7259, 8340, 8821, 8926, 8987, 9400, 9761, 
----------------------------

Polygon ID:	19
color: (0.0237434, 0.840144, 0.297281)
Num faces: 79
faces list: 88, 112, 268, 297, 3134, 3187, 3494, 3666, 3840, 4784, 4787, 4802, 4820, 4821, 4838, 4857, 4858, 4870, 4873, 4881, 4902, 4947, 4966, 4981, 5000, 5001, 5002, 5018, 5045, 5071, 5072, 5092, 5093, 5101, 5102, 5113, 5114, 5115, 5116, 5117, 5142, 5164, 5165, 5166, 5186, 5214, 5215, 5216, 5241, 5242, 5243, 5262, 5263, 5264, 5265, 5286, 5287, 5299, 5308, 5309, 5332, 5333, 5334, 5335, 5578, 5653, 5870, 5896, 5903, 6076, 8824, 9064, 9118, 9145, 9147, 9166, 9221, 9222, 9471, 
----------------------------

Polygon ID:	20
color: (0.677206, 0.0926237, 0.375866)
Num faces: 43
faces list: 92, 189, 530, 575, 608, 634, 636, 774, 804, 913, 925, 1106, 1121, 1292, 1473, 1492, 1541, 1554, 1558, 1559, 1747, 1748, 1807, 1822, 1873, 1919, 2565, 2886, 3734, 3804, 3844, 3862, 3863, 3871, 3872, 3886, 4641, 6379, 6808, 6879, 6961, 7061, 7115, 
----------------------------

Polygon ID:	21
color: (0.91879, 0.00878933, 0.0562151)
Num faces: 854
faces list: 93, 102, 213, 284, 333, 405, 418, 476, 587, 693, 759, 824, 865, 1142, 1193, 1211, 1448, 1485, 1550, 1792, 1981, 2094, 2422, 2477, 2584, 2618, 2672, 2711, 3091, 3128, 3135, 3136, 3175, 3191, 3205, 3207, 3208, 3238, 3239, 3263, 3286, 3334, 3344, 3364, 3366, 3383, 3384, 3413, 3440, 3460, 3461, 3467, 3489, 3493, 3538, 3558, 3561, 3565, 3569, 3583, 3632, 3675, 3823, 3858, 4354, 4387, 4468, 4488, 4614, 4649, 4714, 4793, 4808, 4862, 4886, 4888, 4936, 4957, 4965, 5052, 5061, 5062, 5083, 5137, 5181, 5211, 5236, 5245, 5259, 5283, 5338, 5613, 5635, 5667, 5687, 5771, 5781, 5798, 5829, 5934, 5972, 5974, 5990, 5995, 6050, 6127, 6128, 6155, 6229, 6264, 6280, 6305, 6317, 6322, 6540, 6544, 6563, 6564, 6568, 6572, 6573, 6581, 6635, 6639, 6681, 6687, 6689, 6691, 6760, 6763, 6826, 6843, 6867, 7023, 7059, 7077, 7136, 7143, 7149, 7155, 7165, 7209, 7211, 7225, 7288, 7296, 7326, 7332, 7335, 7337, 7345, 7367, 7370, 7436, 7438, 7468, 7480, 7495, 7500, 7507, 7522, 7531, 7617, 7647, 7677, 7782, 7961, 7974, 7982, 8050, 8072, 8170, 8245, 8253, 8275, 8276, 8292, 8316, 8327, 8339, 8350, 8351, 8375, 8393, 8399, 8416, 8417, 8418, 8439, 8482, 8483, 8493, 8520, 8543, 8544, 8564, 8565, 8591, 8630, 8652, 8672, 8679, 8680, 8681, 8682, 8683, 8684, 8685, 8691, 8692, 8695, 8697, 8699, 8706, 8709, 8712, 8729, 8730, 8745, 8749, 8751, 8753, 8754, 8758, 8760, 8761, 8763, 8766, 8769, 8770, 8771, 8772, 8775, 8778, 8780, 8781, 8782, 8783, 8785, 8786, 8789, 8798, 8801, 8802, 8804, 8806, 8809, 8817, 8820, 8822, 8823, 8825, 8828, 8835, 8836, 8838, 8854, 8855, 8856, 8868, 8869, 8870, 8871, 8881, 8884, 8885, 8890, 8891, 8892, 8895, 8896, 8899, 8901, 8904, 8907, 8908, 8909, 8910, 8911, 8912, 8913, 8914, 8920, 8928, 8929, 8930, 8931, 8935, 8936, 8937, 8938, 8939, 8943, 8944, 8945, 8947, 8948, 8949, 8951, 8952, 8953, 8954, 8955, 8961, 8966, 8967, 8968, 8976, 8977, 8978, 8979, 8982, 8983, 8985, 8988, 8991, 8992, 8993, 8994, 9003, 9004, 9005, 9007, 9008, 9009, 9010, 9013, 9014, 9015, 9017, 9018, 9025, 9027, 9029, 9030, 9033, 9035, 9041, 9042, 9043, 9045, 9047, 9048, 9049, 9056, 9057, 9060, 9070, 9072, 9077, 9078, 9079, 9080, 9081, 9085, 9087, 9088, 9108, 9114, 9115, 9128, 9140, 9158, 9167, 9168, 9169, 9170, 9178, 9186, 9187, 9188, 9189, 9194, 9195, 9201, 9202, 9209, 9212, 9224, 9225, 9227, 9237, 9239, 9240, 9251, 9252, 9254, 9255, 9258, 9269, 9275, 9285, 9286, 9287, 9291, 9292, 9293, 9296, 9297, 9298, 9299, 9300, 9301, 9302, 9311, 9312, 9316, 9318, 9319, 9327, 9328, 9329, 9338, 9339, 9351, 9352, 9353, 9354, 9355, 9360, 9361, 9362, 9363, 9370, 9371, 9372, 9373, 9374, 9375, 9376, 9379, 9380, 9381, 9384, 9385, 9386, 9387, 9388, 9397, 9398, 9399, 9401, 9402, 9403, 9404, 9405, 9406, 9407, 9408, 9419, 9422, 9427, 9428, 9429, 9437, 9438, 9445, 9446, 9457, 9460, 9461, 9462, 9463, 9464, 9465, 9466, 9467, 9468, 9477, 9478, 9480, 9481, 9482, 9484, 9485, 9486, 9487, 9488, 9495, 9496, 9499, 9500, 9510, 9511, 9512, 9521, 9522, 9525, 9526, 9527, 9528, 9529, 9530, 9531, 9532, 9533, 9540, 9541, 9542, 9543, 9547, 9548, 9549, 9554, 9556, 9560, 9561, 9562, 9563, 9564, 9565, 9566, 9567, 9568, 9569, 9570, 9572, 9573, 9574, 9576, 9580, 9581, 9582, 9583, 9584, 9585, 9586, 9587, 9588, 9589, 9590, 9591, 9592, 9593, 9596, 9597, 9599, 9604, 9605, 9606, 9607, 9608, 9609, 9610, 9611, 9612, 9613, 9614, 9615, 9616, 9617, 9618, 9619, 9620, 9621, 9622, 9625, 9626, 9627, 9628, 9629, 9630, 9631, 9632, 9633, 9634, 9637, 9640, 9641, 9642, 9643, 9644, 9645, 9646, 9647, 9648, 9654, 9655, 9656, 9657, 9660, 9661, 9662, 9663, 9664, 9665, 9666, 9667, 9673, 9674, 9675, 9676, 9677, 9678, 9679, 9680, 9681, 9682, 9683, 9684, 9685, 9686, 9687, 9688, 9689, 9690, 9691, 9692, 9694, 9696, 9697, 9698, 9699, 9700, 9701, 9702, 9703, 9704, 9705, 9706, 9709, 9710, 9711, 9712, 9713, 9714, 9715, 9716, 9717, 9718, 9719, 9720, 9721, 9722, 9723, 9724, 9726, 9728, 9729, 9730, 9731, 9732, 9733, 9734, 9735, 9736, 9737, 9738, 9739, 9740, 9741, 9742, 9749, 9751, 9752, 9753, 9754, 9755, 9756, 9758, 9759, 9760, 9766, 9769, 9771, 9772, 9773, 9774, 9775, 9776, 9777, 9778, 9779, 9780, 9781, 9782, 9783, 9784, 9785, 9786, 9787, 9790, 9791, 9794, 9795, 9796, 9797, 9798, 9799, 9800, 9801, 9802, 9803, 9804, 9805, 9806, 9807, 9808, 9809, 9811, 9813, 9814, 9815, 9816, 9817, 9818, 9819, 9820, 9821, 9822, 9823, 9824, 9825, 9829, 9831, 9832, 9833, 9834, 9835, 9836, 9837, 9838, 9839, 9840, 9841, 9844, 9845, 9846, 9850, 9851, 9852, 9853, 9854, 9855, 9856, 9857, 9858, 9859, 9860, 9861, 9862, 9863, 9864, 9866, 9867, 9869, 9870, 9871, 9873, 9874, 9876, 9877, 9878, 9879, 9880, 9881, 9882, 9884, 9887, 9888, 9890, 9892, 9893, 9894, 9895, 9896, 9897, 9898, 9899, 9900, 9901, 9902, 9903, 9904, 9905, 9906, 9909, 9910, 9911, 9913, 9914, 9915, 9916, 9917, 9918, 9919, 9920, 9921, 9922, 9923, 9925, 9926, 9927, 9929, 9930, 9931, 9932, 9933, 9934, 9935, 9936, 9937, 9938, 9939, 9942, 9943, 9944, 9945, 9946, 9948, 9949, 9950, 9951, 9952, 9953, 9954, 9955, 9956, 9957, 9961, 9962, 9963, 9964, 9965, 9966, 9967, 9968, 9969, 9970, 9971, 9972, 9973, 9974, 9975, 9976, 9977, 9978, 9980, 9981, 9982, 9984, 9985, 9986, 9987, 9988, 9989, 9990, 9991, 9992, 9993, 9994, 9995, 9996, 9997, 
----------------------------

Polygon ID:	22
color: (0.587909, 0.272897, 0.275887)
Num faces: 267
faces list: 97, 120, 285, 561, 1410, 1817, 1833, 1878, 1938, 1990, 2043, 2207, 2320, 2977, 3035, 3088, 3123, 3141, 3189, 3231, 3306, 3310, 3513, 3536, 3879, 3922, 4070, 4139, 4373, 4662, 4695, 4765, 4834, 4861, 4867, 4898, 4903, 5194, 5247, 5261, 5275, 5405, 5420, 5492, 5530, 5551, 5607, 5608, 5609, 5623, 5748, 5777, 5778, 5944, 5951, 5973, 5992, 6087, 6100, 6119, 6125, 6137, 6178, 6180, 6192, 6225, 6226, 6227, 6230, 6301, 6303, 6471, 6526, 6533, 6538, 6547, 6551, 6556, 6559, 6567, 6571, 6594, 6630, 6632, 6641, 6657, 6666, 6700, 6703, 6725, 6744, 6756, 6769, 6786, 6795, 6805, 6811, 6812, 6817, 6818, 6830, 6834, 6835, 6846, 6853, 6858, 6859, 6872, 6873, 6874, 6875, 6878, 6893, 6894, 6895, 6910, 6911, 6912, 6915, 6926, 6927, 6943, 6949, 6953, 6954, 6955, 6956, 6958, 6965, 6969, 6980, 6981, 6982, 6989, 6996, 6997, 6998, 6999, 7003, 7008, 7011, 7018, 7019, 7020, 7021, 7039, 7040, 7054, 7055, 7056, 7058, 7063, 7064, 7071, 7075, 7078, 7081, 7082, 7088, 7089, 7090, 7091, 7108, 7109, 7122, 7124, 7125, 7126, 7147, 7153, 7154, 7159, 7160, 7161, 7162, 7164, 7167, 7178, 7179, 7180, 7181, 7182, 7183, 7196, 7213, 7214, 7215, 7216, 7217, 7218, 7228, 7234, 7235, 7236, 7237, 7248, 7290, 7293, 7313, 7325, 7327, 7372, 7373, 7374, 7388, 7389, 7390, 7391, 7392, 7404, 7405, 7422, 7423, 7424, 7432, 7447, 7482, 7545, 7561, 7581, 7661, 7678, 7696, 7709, 7712, 7713, 7733, 7765, 7800, 7801, 7815, 7837, 7843, 7863, 7867, 7919, 8006, 8027, 8134, 8138, 8165, 8166, 8174, 8250, 8255, 8256, 8269, 8288, 8336, 8337, 8342, 8370, 8372, 8392, 8413, 8459, 8462, 8485, 8536, 8537, 8558, 8559, 8583, 8584, 8626, 8647, 8664, 
----------------------------

Polygon ID:	23
color: (0.726493, 0.837611, 0.691183)
Num faces: 34
faces list: 100, 101, 162, 166, 194, 1334, 2434, 3036, 3098, 3180, 3874, 3875, 3876, 3877, 3920, 3971, 3972, 4011, 4019, 4020, 4117, 4211, 4212, 4223, 4224, 4430, 4437, 4451, 5213, 5945, 5948, 6033, 6440, 6467, 
----------------------------

Polygon ID:	24
color: (0.743736, 0.205359, 0.484939)
Num faces: 125
faces list: 108, 130, 136, 140, 175, 188, 294, 440, 663, 1269, 3004, 3020, 3023, 3024, 3172, 3183, 3216, 3219, 3241, 3307, 3320, 3388, 3512, 3631, 3910, 3936, 3982, 4264, 4405, 4463, 4822, 4859, 4953, 5029, 5118, 5268, 5289, 5430, 5563, 5714, 5794, 5801, 5828, 5897, 5898, 5911, 6113, 6145, 6146, 6147, 6148, 6176, 6240, 6343, 7158, 7567, 8326, 8788, 8819, 8830, 8841, 8842, 8865, 8866, 8887, 8888, 8889, 8902, 8921, 8922, 8923, 8924, 8940, 8941, 8942, 8958, 8959, 8969, 8970, 8971, 8972, 8984, 8997, 8998, 8999, 9000, 9001, 9002, 9023, 9024, 9038, 9039, 9050, 9051, 9052, 9053, 9054, 9063, 9065, 9066, 9067, 9068, 9073, 9082, 9083, 9084, 9090, 9099, 9100, 9101, 9102, 9103, 9119, 9120, 9121, 9122, 9123, 9124, 9125, 9148, 9149, 9151, 9502, 9559, 9598, 
----------------------------

Polygon ID:	25
color: (0.949156, 0.457961, 0.468459)
Num faces: 329
faces list: 111, 246, 247, 823, 1840, 3078, 3157, 3206, 3217, 3340, 3382, 3395, 3401, 3469, 3477, 3958, 4103, 4260, 4466, 5341, 5342, 5346, 5347, 5349, 5350, 5351, 5355, 5358, 5359, 5361, 5369, 5379, 5418, 5501, 5502, 5509, 5510, 5518, 5519, 5520, 5555, 5556, 5566, 5580, 5633, 5638, 5661, 5691, 5692, 5725, 5779, 5813, 5868, 5917, 5918, 5970, 5971, 6034, 6035, 6060, 6062, 6063, 6064, 6065, 6082, 6086, 6088, 6093, 6094, 6122, 6123, 6124, 6136, 6149, 6150, 6151, 6166, 6167, 6169, 6175, 6179, 6181, 6191, 6193, 6241, 6262, 6271, 6274, 6296, 6297, 6300, 6302, 6332, 6517, 6518, 6519, 6520, 6521, 6524, 6527, 6528, 6529, 6531, 6532, 6534, 6537, 6539, 6541, 6546, 6552, 6557, 6560, 6569, 6570, 6576, 6577, 6588, 6590, 6591, 6597, 6598, 6600, 6602, 6605, 6608, 6609, 6610, 6621, 6625, 6629, 6631, 6640, 6644, 6672, 6675, 6680, 6683, 6685, 6698, 6699, 6713, 6714, 6716, 6721, 6722, 6726, 6734, 6735, 6745, 6746, 6748, 6749, 6750, 6752, 6753, 6754, 6755, 6765, 6766, 6767, 6774, 6776, 6777, 6789, 6790, 6791, 6796, 6800, 6801, 6802, 6803, 6804, 6814, 6816, 6819, 6822, 6824, 6825, 6827, 6828, 6829, 6832, 6836, 6837, 6842, 6845, 6847, 6852, 6861, 6862, 6865, 6868, 6871, 6877, 6880, 6881, 6882, 6884, 6885, 6888, 6890, 6901, 6904, 6905, 6906, 6914, 6916, 6917, 6918, 6920, 6922, 6923, 6930, 6931, 6935, 6936, 6937, 6942, 6944, 6945, 6960, 6972, 6973, 6975, 6984, 6985, 6991, 7000, 7001, 7002, 7006, 7013, 7022, 7025, 7027, 7028, 7030, 7032, 7041, 7042, 7045, 7048, 7049, 7057, 7060, 7066, 7073, 7076, 7080, 7083, 7087, 7093, 7094, 7097, 7098, 7101, 7106, 7107, 7110, 7114, 7116, 7117, 7127, 7128, 7130, 7132, 7133, 7134, 7135, 7138, 7140, 7144, 7163, 7192, 7193, 7199, 7219, 7231, 7232, 7239, 7240, 7281, 7360, 7455, 7456, 7518, 7571, 7616, 7623, 7708, 7730, 7745, 7764, 7780, 7817, 7864, 7865, 7917, 7920, 7921, 7938, 7939, 7940, 7977, 7978, 7979, 7980, 8001, 8002, 8024, 8047, 8133, 8152, 8169, 8190, 8191, 8228, 8248, 8252, 8273, 8298, 8313, 8322, 8345, 8369, 8461, 8639, 9417, 9436, 
----------------------------

Polygon ID:	26
color: (0.599048, 0.10828, 0.744438)
Num faces: 180
faces list: 116, 117, 133, 141, 145, 152, 179, 232, 306, 318, 321, 455, 458, 582, 610, 1367, 1373, 1517, 1980, 2382, 3019, 3037, 3048, 3049, 3050, 3053, 3054, 3057, 3062, 3099, 3104, 3108, 3177, 3253, 3265, 3273, 3276, 3351, 3358, 3367, 3375, 3450, 3501, 3521, 3524, 3531, 3552, 3624, 3785, 3787, 3798, 3903, 3938, 3949, 4029, 4031, 4115, 4118, 4119, 4127, 4142, 4147, 4286, 4323, 4362, 4571, 4597, 4604, 4768, 4788, 4805, 4809, 4810, 4811, 4812, 4813, 4840, 4842, 4843, 4855, 4864, 4880, 4894, 4896, 4899, 4911, 4920, 4932, 4933, 4941, 4955, 4960, 4990, 5009, 5010, 5031, 5032, 5057, 5058, 5059, 5078, 5079, 5080, 5081, 5103, 5147, 5148, 5149, 5173, 5195, 5221, 5223, 5224, 5248, 5249, 5250, 5251, 5256, 5269, 5270, 5271, 5272, 5273, 5274, 5290, 5291, 5292, 5293, 5294, 5314, 5315, 5316, 5317, 5339, 5340, 5390, 5412, 5429, 5451, 5452, 5467, 5508, 5517, 5624, 5631, 5632, 5690, 5726, 5767, 5768, 5769, 5770, 5776, 5780, 5789, 5792, 5845, 5871, 5881, 5936, 5937, 5949, 5956, 5980, 6002, 6014, 6027, 6057, 6058, 6072, 6075, 6111, 6143, 6202, 6234, 6304, 6347, 7535, 7549, 8847, 
----------------------------

Polygon ID:	27
color: (0.608966, 0.735008, 0.385235)
Num faces: 54
faces list: 121, 964, 984, 1329, 1375, 1401, 2676, 3027, 3086, 3089, 3188, 3247, 3330, 3397, 3465, 3486, 3634, 3790, 3857, 4225, 4355, 4427, 4582, 4583, 4585, 4590, 4592, 4598, 4671, 4673, 4690, 4707, 4709, 4723, 4917, 4943, 4978, 5111, 5253, 5364, 5365, 5594, 5818, 5894, 5919, 5920, 5921, 5946, 5947, 5987, 5989, 6110, 6352, 7935, 
----------------------------

Polygon ID:	28
color: (0.151555, 0.361339, 0.572405)
Num faces: 35
faces list: 131, 132, 155, 156, 176, 191, 206, 207, 208, 220, 225, 237, 238, 239, 277, 278, 279, 280, 300, 2306, 3380, 3805, 4150, 4775, 4824, 4863, 4868, 4951, 5023, 5187, 8845, 9150, 9174, 9229, 9230, 
----------------------------

Polygon ID:	29
color: (0.802881, 0.425153, 0.225105)
Num faces: 147
faces list: 146, 163, 164, 180, 182, 183, 212, 223, 245, 258, 304, 319, 322, 323, 351, 394, 427, 551, 571, 578, 579, 668, 685, 963, 1076, 1236, 1374, 1397, 1447, 1512, 1536, 1553, 1640, 1688, 1715, 1724, 1746, 1812, 1895, 2276, 2344, 2444, 2480, 2482, 2522, 2523, 2524, 2583, 2602, 2798, 2801, 2889, 2899, 3056, 3081, 3162, 3176, 3211, 3220, 3240, 3258, 3426, 3481, 3511, 3542, 3571, 3575, 3591, 3592, 3610, 3611, 3612, 3614, 3618, 3623, 3651, 3652, 3653, 3654, 3665, 3667, 3668, 3669, 3680, 3691, 3692, 3696, 3697, 3700, 3714, 3722, 3727, 3728, 3729, 3732, 3746, 3747, 3758, 3761, 3762, 3763, 3764, 3768, 3908, 3915, 3923, 3924, 3929, 4152, 4168, 4169, 4185, 4186, 4200, 4201, 4202, 4214, 4215, 4226, 4238, 4245, 4253, 4276, 4277, 4278, 4279, 4290, 4299, 4308, 4498, 5345, 5554, 6085, 6525, 6596, 6607, 6618, 6636, 6646, 6728, 6809, 6810, 6883, 6887, 6928, 7095, 7173, 
----------------------------

Polygon ID:	30
color: (0.751549, 0.98999, 0.517106)
Num faces: 154
faces list: 147, 2241, 2264, 2352, 2549, 3087, 3113, 3488, 3533, 5127, 5237, 5266, 5330, 5445, 5521, 5522, 5533, 5545, 5546, 5547, 5548, 5549, 5550, 5557, 5559, 5560, 5561, 5562, 5568, 5569, 5570, 5571, 5582, 5583, 5584, 5585, 5586, 5587, 5588, 5589, 5590, 5591, 5592, 5601, 5602, 5603, 5604, 5605, 5606, 5616, 5617, 5618, 5619, 5620, 5621, 5622, 5639, 5640, 5641, 5642, 5643, 5644, 5645, 5646, 5647, 5662, 5663, 5664, 5665, 5666, 5680, 5681, 5682, 5683, 5684, 5685, 5699, 5700, 5701, 5702, 5703, 5704, 5705, 5706, 5707, 5708, 5709, 5710, 5711, 5734, 5735, 5736, 5737, 5738, 5739, 5757, 5759, 5760, 5761, 5762, 5763, 5764, 5765, 5766, 5785, 5786, 5787, 5788, 5806, 5807, 5808, 5809, 5810, 5811, 5838, 5839, 5840, 5842, 5851, 5862, 5863, 5864, 5865, 5866, 5867, 5886, 5887, 5888, 5889, 5913, 5914, 5915, 5916, 5939, 5940, 5941, 5965, 5966, 5967, 5968, 5969, 5991, 5993, 5994, 7458, 7591, 8226, 8268, 8432, 8443, 8580, 8645, 8656, 8657, 
----------------------------

Polygon ID:	31
color: (0.657308, 0.168981, 0.345561)
Num faces: 108
faces list: 168, 354, 371, 1060, 1212, 1306, 1463, 1709, 2012, 2514, 3026, 3069, 3073, 3076, 3143, 3368, 3471, 3480, 3484, 3487, 3519, 3528, 3563, 3759, 3865, 3891, 3892, 3925, 3951, 3956, 4140, 4262, 4428, 4700, 4701, 4702, 4737, 4738, 4739, 4746, 4747, 4755, 4756, 4796, 4817, 4882, 4884, 4885, 4901, 4922, 4964, 4985, 4989, 5003, 5006, 5007, 5028, 5049, 5055, 5076, 5109, 5191, 5196, 5255, 5280, 5326, 5436, 5475, 5482, 5490, 5493, 5600, 5637, 5655, 5814, 5815, 5816, 5817, 5872, 5878, 5895, 5906, 5922, 5923, 5955, 6071, 6153, 6170, 6470, 6499, 6622, 6957, 7121, 8151, 8469, 8492, 8521, 8542, 8563, 8568, 8590, 8607, 8643, 9037, 9093, 9350, 9571, 9998, 
----------------------------

Polygon ID:	32
color: (0.699759, 0.0635395, 0.491897)
Num faces: 71
faces list: 171, 200, 259, 317, 334, 337, 431, 721, 851, 1013, 1113, 1400, 1453, 1454, 1465, 1494, 1582, 1829, 2081, 2156, 2194, 2366, 2401, 2441, 2457, 2516, 2665, 2728, 2747, 2802, 2850, 2877, 2890, 2979, 3018, 3102, 3112, 3146, 3228, 3257, 3333, 3644, 3726, 3825, 4008, 4037, 4217, 4268, 4407, 4547, 4611, 4661, 4741, 4866, 4986, 5163, 5686, 5858, 6142, 6213, 6501, 6642, 6792, 6850, 7044, 7086, 7614, 7845, 7903, 9594, 9595, 
----------------------------

Polygon ID:	33
color: (0.949583, 0.147496, 0.504807)
Num faces: 103
faces list: 172, 411, 457, 931, 933, 1415, 2631, 2827, 3193, 3313, 3316, 3326, 3354, 3405, 3428, 3432, 3434, 3483, 3604, 4046, 4056, 4257, 4320, 4411, 4489, 4686, 4725, 4906, 4925, 4926, 4927, 4937, 4971, 4972, 4973, 4979, 4980, 4992, 4993, 5011, 5035, 5063, 5084, 5085, 5106, 5107, 5108, 5112, 5132, 5133, 5134, 5156, 5170, 5178, 5179, 5192, 5201, 5202, 5203, 5204, 5205, 5206, 5207, 5208, 5230, 5231, 5232, 5257, 5258, 5281, 5282, 5300, 5301, 5302, 5303, 5304, 5305, 5327, 5328, 5329, 5337, 5411, 5553, 5579, 5668, 5986, 6070, 6080, 6445, 6446, 6469, 6504, 6505, 6506, 6907, 8470, 9192, 9257, 9260, 9356, 9493, 9623, 9639, 
----------------------------

Polygon ID:	34
color: (0.692892, 0.905118, 0.141575)
Num faces: 480
faces list: 173, 205, 218, 219, 226, 234, 236, 275, 383, 424, 584, 618, 619, 723, 725, 760, 800, 852, 1257, 1328, 1337, 1338, 1425, 1513, 1561, 1815, 1826, 1834, 1876, 1931, 2013, 2045, 2445, 2501, 2521, 2596, 2689, 2825, 2834, 2862, 3000, 3016, 3031, 3068, 3082, 3178, 3184, 3226, 3272, 3285, 3451, 3502, 3515, 3516, 3562, 3636, 3672, 3709, 3718, 3738, 3756, 3760, 3800, 3845, 3919, 3961, 4135, 4241, 4345, 4346, 4347, 4465, 4483, 4487, 4518, 4574, 4577, 4578, 4593, 4594, 4623, 4654, 4680, 4682, 4693, 4694, 4697, 4717, 4720, 4748, 4801, 4806, 4835, 4869, 4908, 4909, 4910, 4919, 4929, 4930, 4934, 4942, 4952, 4954, 4968, 4975, 4976, 4977, 4997, 4999, 5013, 5016, 5022, 5026, 5027, 5030, 5036, 5037, 5038, 5042, 5044, 5069, 5070, 5091, 5154, 5160, 5183, 5233, 5234, 5235, 5239, 5244, 5260, 5284, 5298, 5306, 5312, 5331, 5688, 5694, 5747, 5869, 5893, 5899, 5924, 5997, 5998, 5999, 6000, 6017, 6018, 6019, 6020, 6023, 6026, 6036, 6037, 6038, 6044, 6066, 6067, 6089, 6090, 6129, 6130, 6131, 6154, 6156, 6157, 6158, 6159, 6160, 6161, 6182, 6183, 6184, 6185, 6186, 6187, 6209, 6210, 6211, 6212, 6215, 6216, 6219, 6278, 6279, 6309, 6319, 6320, 6355, 6356, 6357, 6358, 6359, 6360, 6361, 6385, 6386, 6419, 6420, 6444, 6473, 6761, 6779, 6780, 6781, 7185, 7242, 7252, 7254, 7255, 7256, 7266, 7267, 7269, 7276, 7280, 7287, 7291, 7294, 7295, 7304, 7305, 7307, 7314, 7315, 7319, 7320, 7321, 7322, 7323, 7324, 7328, 7331, 7334, 7346, 7362, 7363, 7364, 7368, 7384, 7385, 7386, 7393, 7401, 7402, 7403, 7417, 7418, 7419, 7421, 7426, 7427, 7431, 7433, 7434, 7435, 7439, 7440, 7441, 7443, 7445, 7446, 7448, 7449, 7457, 7465, 7466, 7469, 7478, 7479, 7481, 7485, 7486, 7488, 7489, 7493, 7496, 7497, 7498, 7505, 7506, 7508, 7512, 7514, 7515, 7517, 7519, 7520, 7526, 7527, 7528, 7529, 7532, 7536, 7537, 7538, 7539, 7543, 7544, 7546, 7547, 7552, 7558, 7559, 7560, 7562, 7564, 7569, 7570, 7572, 7573, 7574, 7584, 7588, 7589, 7592, 7593, 7594, 7596, 7601, 7607, 7624, 7625, 7626, 7628, 7629, 7645, 7646, 7648, 7649, 7650, 7659, 7660, 7663, 7665, 7666, 7697, 7702, 7711, 7714, 7715, 7727, 7731, 7742, 7743, 7744, 7750, 7761, 7762, 7763, 7768, 7769, 7778, 7784, 7786, 7802, 7803, 7819, 7820, 7835, 7836, 7841, 7842, 7861, 7862, 7868, 7881, 7882, 7883, 7887, 7904, 7906, 7923, 7936, 7941, 7942, 7943, 7959, 7960, 7963, 7965, 7999, 8000, 8004, 8022, 8023, 8026, 8028, 8042, 8043, 8044, 8045, 8051, 8052, 8053, 8054, 8071, 8073, 8089, 8090, 8091, 8092, 8093, 8096, 8110, 8111, 8112, 8113, 8114, 8130, 8136, 8150, 8153, 8154, 8167, 8171, 8173, 8189, 8193, 8194, 8212, 8227, 8229, 8230, 8247, 8251, 8271, 8272, 8274, 8315, 8318, 8319, 8338, 8344, 8347, 8371, 8373, 8391, 8395, 8410, 8411, 8412, 8419, 8433, 8434, 8436, 8455, 8456, 8457, 8458, 8465, 8466, 8467, 8468, 8480, 8481, 8486, 8487, 8489, 8495, 8496, 8516, 8517, 8518, 8519, 8549, 8581, 8582, 8587, 8606, 8625, 8635, 8641, 8646, 8648, 9337, 9707, 
----------------------------

Polygon ID:	35
color: (0.0703757, 0.426557, 0.303049)
Num faces: 119
faces list: 181, 210, 286, 287, 303, 320, 348, 349, 350, 366, 508, 714, 882, 911, 1183, 1261, 1284, 1285, 1291, 1307, 1308, 1352, 1511, 1585, 1604, 1702, 1818, 1819, 1823, 1827, 1856, 1901, 1908, 1910, 1949, 1952, 1962, 1978, 1983, 1997, 2131, 2164, 2196, 2212, 2278, 2289, 2307, 2328, 2374, 2398, 2416, 2431, 2496, 2497, 2498, 2502, 2503, 2506, 2508, 2526, 2547, 2570, 2578, 2601, 2616, 2622, 2645, 2675, 2750, 2767, 2794, 2846, 2927, 2945, 3032, 3046, 3084, 3121, 3372, 3381, 3514, 3619, 3663, 3671, 3683, 3684, 3685, 3693, 3695, 3705, 3706, 3707, 3708, 3712, 3715, 3716, 3724, 3730, 3731, 3733, 3739, 3740, 3741, 3757, 3769, 3770, 3771, 3772, 3773, 3807, 4298, 6670, 8831, 8843, 9154, 9364, 9672, 9695, 9770, 
----------------------------

Polygon ID:	36
color: (0.153233, 0.683187, 0.966613)
Num faces: 104
faces list: 190, 235, 417, 495, 538, 539, 540, 585, 691, 1141, 1858, 2044, 2399, 2710, 3119, 3303, 3304, 3327, 3379, 4360, 4396, 4742, 4879, 4938, 4940, 5100, 5140, 5161, 5188, 5210, 5307, 5494, 5625, 6098, 6334, 6335, 6429, 6430, 6431, 6432, 6433, 6459, 6460, 6484, 6485, 6486, 6702, 6771, 7050, 7246, 7250, 7262, 7273, 7275, 7277, 7282, 7303, 7306, 7316, 7333, 7348, 7353, 7356, 7357, 7361, 7369, 7375, 7376, 7382, 7383, 7387, 7394, 7399, 7400, 7420, 7442, 7555, 7595, 7627, 7681, 7682, 7716, 7717, 7766, 7785, 7804, 7869, 7889, 7891, 7918, 8025, 8074, 8115, 8131, 8139, 8196, 8197, 8210, 8254, 8367, 8414, 8415, 8534, 8540, 
----------------------------

Polygon ID:	37
color: (0.582049, 0.82168, 0.877255)
Num faces: 86
faces list: 193, 267, 586, 670, 1317, 1870, 1891, 2195, 2270, 2472, 2484, 2859, 2913, 3075, 3115, 3171, 3186, 3196, 3218, 3376, 3431, 3546, 3566, 3616, 3629, 3635, 3681, 3688, 3751, 3878, 4511, 4517, 4555, 4568, 4629, 4800, 4829, 4845, 5141, 5172, 5189, 5190, 5240, 5288, 5313, 5577, 5795, 5873, 5877, 6061, 6599, 6684, 6719, 6841, 7043, 7839, 7905, 7934, 8328, 8352, 8354, 8376, 8377, 8400, 8401, 8402, 8420, 8440, 8441, 8471, 8472, 8494, 8523, 8524, 8525, 8545, 8546, 8566, 8567, 8592, 8608, 8609, 8610, 8631, 8653, 8701, 
----------------------------

Polygon ID:	38
color: (0.817194, 0.177892, 0.191351)
Num faces: 74
faces list: 201, 514, 805, 806, 860, 880, 914, 966, 982, 1059, 1237, 2114, 2149, 2171, 2211, 2428, 2534, 2572, 2585, 2614, 2615, 2634, 2635, 2666, 2687, 2688, 2704, 2705, 2706, 2707, 2708, 2709, 2730, 2731, 2732, 2752, 2753, 2754, 2755, 2756, 2757, 2777, 2778, 2779, 2780, 2781, 2782, 2803, 2804, 2805, 2806, 2828, 2829, 2830, 2831, 2852, 2853, 2854, 2858, 2878, 2900, 2902, 2903, 2904, 2905, 2906, 2908, 2929, 2930, 2931, 2932, 2947, 3556, 3578, 
----------------------------

Polygon ID:	39
color: (0.503922, 0.155553, 0.475265)
Num faces: 115
faces list: 203, 562, 2579, 2617, 3101, 3271, 3482, 3984, 4021, 4122, 4551, 4564, 4587, 4618, 4691, 4785, 4839, 5082, 5090, 5146, 5217, 5325, 5344, 5428, 5437, 5507, 5749, 5750, 5830, 5831, 5832, 5853, 5904, 5905, 5932, 5933, 5957, 5958, 5988, 6012, 6028, 6029, 6030, 6031, 6032, 6055, 6077, 6078, 6079, 6140, 6141, 6171, 6172, 6173, 6174, 6203, 6204, 6235, 6236, 6237, 6238, 6298, 6311, 6312, 6313, 6314, 6344, 6345, 6346, 6380, 6411, 6412, 6413, 6442, 6468, 6522, 6686, 6732, 6797, 6898, 6909, 6921, 6947, 6988, 7005, 7007, 7009, 7203, 7204, 7205, 7206, 7207, 7208, 7226, 7227, 7541, 7644, 7664, 7813, 7866, 8294, 8435, 8442, 8510, 8593, 8611, 8612, 8628, 8629, 8632, 8633, 8642, 8654, 9011, 9012, 
----------------------------

Polygon ID:	40
color: (0.27958, 0.405591, 0.732017)
Num faces: 355
faces list: 242, 243, 254, 281, 282, 311, 338, 340, 341, 342, 343, 344, 345, 346, 347, 363, 364, 384, 386, 388, 389, 390, 391, 392, 406, 430, 447, 449, 487, 513, 532, 534, 549, 603, 659, 704, 707, 743, 754, 803, 828, 853, 876, 912, 1057, 1122, 1166, 1167, 1185, 1310, 1353, 1495, 1538, 1539, 1614, 1767, 1808, 1810, 1811, 1814, 1825, 1830, 1832, 1837, 1838, 1844, 1848, 1855, 1857, 1866, 1875, 1877, 1923, 1948, 1996, 1999, 2014, 2048, 2049, 2053, 2062, 2064, 2066, 2067, 2068, 2083, 2085, 2099, 2100, 2102, 2103, 2116, 2117, 2130, 2135, 2136, 2150, 2155, 2163, 2169, 2172, 2173, 2174, 2175, 2176, 2178, 2198, 2199, 2201, 2202, 2203, 2209, 2213, 2214, 2216, 2234, 2237, 2253, 2256, 2257, 2258, 2271, 2277, 2292, 2299, 2301, 2302, 2308, 2309, 2310, 2311, 2317, 2318, 2319, 2335, 2336, 2337, 2339, 2340, 2348, 2353, 2354, 2356, 2358, 2359, 2360, 2367, 2372, 2373, 2379, 2383, 2384, 2389, 2390, 2391, 2392, 2393, 2400, 2403, 2405, 2406, 2412, 2415, 2420, 2423, 2424, 2427, 2429, 2438, 2442, 2447, 2448, 2449, 2453, 2454, 2455, 2466, 2467, 2470, 2479, 2493, 2494, 2505, 2509, 2510, 2518, 2519, 2540, 2542, 2543, 2561, 2564, 2566, 2573, 2589, 2590, 2592, 2594, 2603, 2605, 2607, 2608, 2612, 2613, 2619, 2620, 2621, 2623, 2625, 2627, 2628, 2629, 2632, 2639, 2640, 2644, 2647, 2655, 2656, 2660, 2661, 2662, 2663, 2667, 2681, 2686, 2692, 2695, 2696, 2702, 2714, 2715, 2717, 2719, 2720, 2721, 2723, 2724, 2725, 2739, 2740, 2741, 2742, 2743, 2749, 2762, 2763, 2764, 2765, 2766, 2769, 2770, 2784, 2785, 2787, 2792, 2797, 2810, 2813, 2814, 2815, 2816, 2817, 2818, 2819, 2820, 2837, 2840, 2841, 2842, 2845, 2851, 2866, 2867, 2868, 2871, 2872, 2874, 2876, 2892, 2893, 2897, 2898, 2901, 2909, 2920, 2923, 2925, 2938, 2953, 2956, 2957, 2958, 2959, 2962, 2964, 2968, 2973, 2974, 2975, 2978, 2982, 2985, 2998, 2999, 3346, 3347, 3348, 3370, 3371, 3387, 3393, 3458, 3643, 3649, 3682, 3689, 3820, 4390, 4394, 4499, 4961, 4991, 5459, 6053, 6152, 6177, 6655, 7100, 7799, 7844, 7975, 8667, 8668, 8670, 8715, 8797, 8829, 8857, 8964, 9092, 9111, 9143, 9196, 9223, 9396, 9479, 9494, 9555, 9575, 9768, 9788, 9886, 9891, 9908, 
----------------------------

Polygon ID:	41
color: (0.755852, 0.682241, 0.568743)
Num faces: 418
faces list: 253, 255, 273, 274, 298, 299, 305, 309, 310, 331, 332, 357, 358, 359, 362, 376, 377, 378, 379, 380, 402, 403, 404, 407, 410, 420, 421, 422, 423, 444, 445, 446, 451, 452, 464, 465, 466, 467, 470, 480, 481, 482, 483, 484, 485, 486, 492, 502, 503, 504, 505, 507, 523, 524, 525, 531, 548, 553, 566, 567, 568, 572, 594, 595, 596, 597, 598, 601, 626, 627, 628, 648, 649, 650, 651, 652, 653, 675, 676, 677, 678, 679, 684, 700, 701, 702, 703, 708, 730, 731, 732, 737, 744, 750, 765, 766, 767, 768, 769, 770, 771, 772, 794, 795, 818, 819, 820, 821, 845, 846, 847, 848, 857, 871, 872, 873, 878, 905, 906, 907, 917, 923, 924, 927, 954, 955, 956, 965, 974, 975, 976, 1002, 1003, 1004, 1005, 1006, 1011, 1024, 1048, 1049, 1050, 1051, 1052, 1053, 1070, 1071, 1072, 1073, 1078, 1080, 1082, 1099, 1100, 1101, 1108, 1133, 1134, 1135, 1150, 1151, 1152, 1153, 1154, 1155, 1159, 1179, 1180, 1206, 1207, 1208, 1209, 1230, 1231, 1232, 1233, 1235, 1238, 1253, 1254, 1255, 1260, 1262, 1263, 1274, 1277, 1278, 1279, 1280, 1290, 1293, 1303, 1304, 1305, 1309, 1322, 1323, 1324, 1325, 1331, 1342, 1343, 1344, 1345, 1346, 1347, 1348, 1349, 1371, 1389, 1390, 1416, 1417, 1443, 1444, 1445, 1466, 1467, 1468, 1475, 1477, 1486, 1488, 1501, 1502, 1505, 1506, 1507, 1515, 1516, 1528, 1529, 1531, 1532, 1542, 1546, 1547, 1548, 1555, 1576, 1577, 1578, 1579, 1580, 1581, 1583, 1584, 1590, 1593, 1600, 1601, 1602, 1603, 1605, 1606, 1607, 1608, 1618, 1631, 1632, 1633, 1634, 1635, 1642, 1653, 1654, 1655, 1671, 1672, 1673, 1674, 1675, 1676, 1677, 1680, 1681, 1694, 1695, 1696, 1697, 1698, 1699, 1704, 1711, 1712, 1713, 1714, 1716, 1717, 1718, 1719, 1726, 1735, 1736, 1737, 1738, 1739, 1740, 1741, 1742, 1743, 1744, 1758, 1759, 1760, 1761, 1762, 1763, 1781, 1782, 1783, 1784, 1785, 1791, 1793, 1799, 1801, 1842, 1951, 2021, 2029, 2034, 2329, 2413, 2418, 2476, 2536, 2557, 2559, 2593, 2636, 2674, 2775, 2824, 2873, 2912, 2926, 2928, 3932, 4318, 4319, 4335, 4341, 4357, 4374, 4376, 4377, 4392, 4406, 4408, 4426, 4460, 4461, 4462, 4474, 4481, 4482, 4497, 4501, 4526, 4540, 4546, 4548, 4557, 4558, 4560, 4576, 4595, 4620, 4634, 4653, 4664, 4667, 4685, 4696, 4698, 4704, 4706, 4721, 4731, 4750, 4759, 4764, 4777, 4790, 4841, 4900, 4921, 4945, 4984, 4987, 4988, 4994, 5005, 5020, 5064, 5077, 5094, 5122, 5129, 5135, 5136, 5144, 5152, 5153, 5169, 5198, 5200, 5226, 5296, 5297, 5311, 5634, 5648, 5656, 6860, 7583, 9203, 9369, 
----------------------------

Polygon ID:	42
color: (0.12302, 0.475295, 0.721915)
Num faces: 45
faces list: 260, 577, 1966, 5348, 5740, 6134, 6273, 6553, 6554, 6558, 6584, 6585, 6615, 6617, 6624, 6653, 6656, 6659, 6660, 6663, 6664, 6682, 6697, 6704, 6730, 6759, 6823, 6831, 6833, 6838, 6839, 6938, 6971, 6990, 7120, 7175, 7189, 7200, 7302, 7330, 7344, 7359, 7380, 7767, 9250, 
----------------------------

Polygon ID:	43
color: (0.0350963, 0.834681, 0.367809)
Num faces: 94
faces list: 269, 641, 1302, 1313, 1314, 1315, 1332, 1333, 1356, 1357, 1358, 1359, 1360, 1361, 1381, 1382, 1403, 1404, 1405, 1406, 1407, 1408, 1430, 2402, 4044, 4535, 4538, 4549, 4550, 4553, 4563, 4581, 4606, 4631, 4637, 4647, 4650, 4651, 4666, 4676, 4688, 4689, 4719, 4727, 4729, 4745, 4749, 4751, 4752, 4758, 4761, 4772, 4773, 4798, 4799, 4836, 4846, 4851, 4889, 4891, 4912, 4946, 4969, 4983, 4998, 5004, 5033, 5041, 5066, 5086, 5088, 5089, 5096, 5097, 5104, 5119, 5121, 5125, 5167, 5168, 5219, 5222, 5227, 5228, 5229, 5278, 5320, 7566, 8720, 8839, 8915, 9197, 9320, 9418, 
----------------------------

Polygon ID:	44
color: (0.426222, 0.662984, 0.517014)
Num faces: 168
faces list: 276, 291, 301, 387, 428, 429, 433, 468, 488, 491, 528, 550, 576, 581, 599, 600, 631, 633, 635, 639, 661, 680, 681, 705, 709, 734, 739, 776, 801, 825, 875, 926, 1012, 1031, 1055, 1109, 1138, 1163, 1164, 1186, 1187, 1240, 1259, 1264, 1265, 1354, 1449, 1450, 1474, 1537, 1562, 1615, 1617, 1645, 1646, 1686, 1727, 1846, 1868, 1921, 1922, 1932, 1937, 1963, 1964, 1965, 2016, 2033, 2046, 2047, 2052, 2065, 2101, 2115, 2128, 2148, 2153, 2165, 2166, 2168, 2215, 2219, 2239, 2240, 2259, 2261, 2262, 2280, 2281, 2284, 2300, 2313, 2315, 2316, 2331, 2332, 2333, 2341, 2376, 2414, 2450, 2489, 2495, 2504, 2520, 2541, 2546, 2606, 2610, 2664, 2678, 2680, 2694, 2697, 2698, 2703, 2718, 2722, 2726, 2733, 2745, 2746, 2771, 2788, 2795, 2812, 2821, 2826, 2839, 2863, 2869, 2875, 2882, 2884, 2894, 2896, 2915, 2924, 2936, 2942, 2965, 2980, 2981, 3394, 3808, 3930, 4162, 4203, 4227, 4239, 4252, 4256, 4267, 4280, 4285, 4311, 4322, 4350, 4351, 4352, 4358, 4369, 4370, 4381, 4404, 4515, 4757, 7092, 
----------------------------

Polygon ID:	45
color: (0.921384, 0.949339, 0.104678)
Num faces: 93
faces list: 283, 393, 1705, 1991, 2370, 2673, 2800, 2833, 2940, 2976, 3021, 3025, 3040, 3105, 3414, 3445, 3710, 4766, 4914, 5318, 6115, 6784, 7265, 7270, 7271, 7272, 7278, 7279, 7285, 7286, 7298, 7299, 7300, 7301, 7308, 7309, 7310, 7311, 7317, 7318, 7329, 7339, 7340, 7341, 7342, 7343, 7358, 7377, 7378, 7379, 7396, 7397, 7409, 7410, 7411, 7412, 7413, 7429, 7430, 7450, 7451, 7452, 7453, 7454, 7460, 7462, 7463, 7464, 7474, 7475, 7476, 7477, 7491, 7521, 7533, 7534, 7548, 7557, 7576, 7577, 7578, 7597, 7610, 7611, 7818, 8249, 8398, 8473, 8512, 8514, 8650, 8805, 9557, 
----------------------------

Polygon ID:	46
color: (0.471725, 0.345988, 0.549547)
Num faces: 165
faces list: 288, 289, 290, 312, 314, 315, 335, 360, 361, 381, 382, 385, 408, 409, 425, 448, 469, 489, 490, 506, 509, 511, 533, 535, 536, 554, 569, 570, 573, 580, 604, 605, 606, 611, 629, 630, 632, 640, 655, 656, 660, 682, 683, 712, 736, 738, 741, 746, 747, 773, 775, 802, 858, 859, 879, 981, 1032, 1034, 1056, 1058, 1079, 1105, 1137, 1157, 1158, 1160, 1288, 1377, 1379, 1399, 1418, 1419, 1421, 1424, 1452, 1540, 1556, 1557, 1563, 1571, 1591, 1592, 1595, 1596, 1599, 1613, 1621, 1623, 1624, 1625, 1628, 1629, 1630, 1641, 1650, 1651, 1652, 1662, 1663, 1664, 1665, 1666, 1667, 1668, 1669, 1670, 1689, 1690, 1692, 1693, 1706, 1708, 1710, 1728, 1729, 1730, 1731, 1732, 1733, 1734, 1749, 1750, 1751, 1752, 1753, 1754, 1755, 1756, 1757, 1770, 1771, 1772, 1773, 1774, 1775, 1776, 1777, 1778, 1779, 1780, 1795, 1796, 1797, 1798, 1831, 2097, 2229, 2421, 2525, 2538, 2783, 3637, 3822, 4176, 4556, 4722, 4792, 4807, 4837, 5175, 5252, 7010, 7728, 8135, 8768, 
----------------------------

Polygon ID:	47
color: (0.316874, 0.84698, 0.374981)
Num faces: 218
faces list: 324, 352, 609, 662, 866, 962, 1210, 1491, 1510, 1586, 1836, 2113, 2204, 2735, 2760, 3038, 3042, 3044, 3052, 3063, 3072, 3103, 3120, 3122, 3124, 3140, 3142, 3145, 3152, 3166, 3169, 3182, 3185, 3200, 3210, 3214, 3221, 3227, 3229, 3230, 3243, 3246, 3249, 3259, 3264, 3282, 3283, 3287, 3288, 3298, 3308, 3321, 3328, 3343, 3349, 3353, 3356, 3378, 3390, 3391, 3400, 3406, 3407, 3408, 3409, 3410, 3411, 3412, 3416, 3423, 3424, 3425, 3429, 3435, 3436, 3437, 3443, 3444, 3454, 3455, 3456, 3457, 3462, 3472, 3473, 3474, 3491, 3496, 3500, 3503, 3504, 3505, 3506, 3510, 3518, 3520, 3525, 3526, 3527, 3543, 3544, 3547, 3549, 3550, 3559, 3574, 3597, 3598, 3601, 3630, 3641, 3645, 3686, 4527, 4562, 5698, 5890, 6121, 6224, 6333, 6337, 6542, 6543, 6578, 6583, 6586, 6592, 6593, 6595, 6601, 6603, 6604, 6606, 6611, 6612, 6613, 6614, 6616, 6619, 6620, 6637, 6649, 6650, 6651, 6652, 6661, 6662, 6667, 6669, 6671, 6677, 6688, 6695, 6706, 6731, 6758, 6775, 6793, 6849, 6854, 6857, 6864, 6866, 6876, 6902, 6919, 6962, 6983, 7004, 7024, 7026, 7033, 7034, 7065, 7084, 7104, 7145, 7156, 7174, 7190, 7220, 7415, 7470, 7483, 7484, 7501, 7502, 7523, 7524, 7556, 7563, 7565, 7568, 7585, 7586, 7590, 7602, 7603, 7604, 7605, 7618, 7619, 7620, 7621, 7635, 7636, 7637, 7640, 7642, 7643, 7668, 7680, 7726, 7746, 7822, 8341, 8655, 9076, 
----------------------------

Polygon ID:	48
color: (0.982971, 0.271889, 0.456099)
Num faces: 271
faces list: 355, 372, 373, 374, 375, 400, 401, 419, 442, 443, 460, 461, 462, 463, 478, 479, 496, 497, 498, 499, 500, 501, 519, 520, 521, 522, 541, 542, 543, 544, 545, 546, 547, 563, 564, 565, 588, 589, 590, 591, 592, 593, 621, 622, 623, 624, 625, 642, 643, 644, 645, 646, 647, 669, 671, 672, 673, 674, 694, 695, 696, 697, 698, 699, 726, 727, 728, 729, 762, 763, 764, 785, 786, 787, 788, 789, 790, 791, 792, 793, 814, 815, 816, 817, 838, 839, 840, 841, 842, 843, 844, 867, 868, 869, 870, 893, 894, 895, 896, 897, 898, 899, 900, 901, 902, 903, 904, 921, 922, 941, 942, 943, 944, 945, 946, 947, 948, 949, 950, 951, 952, 953, 969, 970, 971, 972, 973, 993, 994, 995, 996, 997, 998, 999, 1000, 1001, 1020, 1021, 1022, 1023, 1038, 1039, 1040, 1041, 1042, 1043, 1044, 1045, 1046, 1047, 1065, 1066, 1067, 1068, 1069, 1088, 1089, 1090, 1091, 1092, 1093, 1094, 1095, 1096, 1097, 1098, 1116, 1117, 1118, 1119, 1120, 1127, 1128, 1129, 1130, 1131, 1132, 1144, 1145, 1146, 1147, 1148, 1149, 1172, 1173, 1174, 1175, 1176, 1177, 1178, 1196, 1197, 1198, 1199, 1200, 1201, 1202, 1203, 1204, 1205, 1222, 1223, 1224, 1225, 1226, 1227, 1228, 1229, 1244, 1245, 1246, 1247, 1248, 1258, 1270, 1271, 1275, 1276, 1298, 1299, 1300, 1301, 1493, 4007, 4545, 4586, 4607, 4627, 4655, 4657, 4672, 4726, 4776, 4789, 4795, 4915, 4962, 5123, 5276, 8722, 8989, 9331, 9434, 9435, 9469, 9475, 9492, 9506, 9553, 9577, 9578, 9579, 9603, 9624, 9652, 9653, 9670, 9671, 9708, 9725, 9744, 9745, 9746, 9747, 9767, 9789, 9810, 9826, 9827, 9868, 9959, 
----------------------------

Polygon ID:	49
color: (0.567278, 0.739189, 0.2978)
Num faces: 351
faces list: 356, 3580, 3890, 3909, 4151, 4621, 4791, 4828, 4856, 4865, 4895, 4918, 5099, 5182, 5285, 5531, 5532, 5558, 5567, 5581, 5892, 5996, 6084, 6118, 6168, 6228, 6263, 6580, 6589, 6633, 6645, 6676, 6747, 6757, 6768, 6787, 6788, 6820, 6821, 6855, 6899, 6913, 6959, 7031, 7111, 7112, 7131, 7150, 7176, 7188, 7222, 7297, 7381, 7407, 7490, 7793, 7809, 7832, 7833, 7834, 7851, 7852, 7853, 7854, 7855, 7856, 7857, 7877, 7878, 7898, 7899, 7900, 7901, 7910, 7911, 7912, 7913, 7914, 7915, 7916, 7929, 7930, 7931, 7932, 7933, 7956, 7957, 7958, 7970, 7971, 7972, 7973, 7989, 7990, 7991, 7992, 7993, 7994, 7995, 7996, 7997, 7998, 8013, 8014, 8015, 8016, 8017, 8018, 8019, 8020, 8041, 8061, 8062, 8063, 8064, 8065, 8066, 8067, 8068, 8081, 8082, 8083, 8084, 8085, 8086, 8087, 8088, 8103, 8104, 8105, 8106, 8107, 8108, 8109, 8120, 8121, 8122, 8123, 8124, 8125, 8126, 8127, 8128, 8129, 8144, 8145, 8146, 8147, 8157, 8158, 8159, 8160, 8161, 8162, 8163, 8168, 8175, 8176, 8177, 8178, 8179, 8180, 8181, 8182, 8183, 8184, 8185, 8186, 8187, 8188, 8192, 8202, 8204, 8205, 8206, 8207, 8208, 8219, 8220, 8221, 8222, 8223, 8224, 8225, 8232, 8234, 8235, 8236, 8237, 8238, 8239, 8240, 8241, 8242, 8243, 8244, 8258, 8259, 8260, 8261, 8262, 8263, 8264, 8265, 8266, 8267, 8282, 8283, 8284, 8285, 8286, 8287, 8299, 8300, 8301, 8302, 8303, 8304, 8305, 8306, 8307, 8308, 8309, 8310, 8311, 8312, 8329, 8330, 8331, 8332, 8333, 8334, 8335, 8356, 8357, 8358, 8359, 8360, 8361, 8362, 8363, 8364, 8365, 8379, 8380, 8381, 8382, 8383, 8384, 8385, 8386, 8387, 8388, 8389, 8390, 8404, 8405, 8406, 8407, 8408, 8421, 8423, 8424, 8425, 8426, 8427, 8428, 8429, 8430, 8431, 8444, 8445, 8446, 8447, 8448, 8449, 8450, 8451, 8452, 8453, 8454, 8474, 8475, 8476, 8477, 8478, 8479, 8497, 8498, 8499, 8500, 8501, 8502, 8503, 8504, 8505, 8506, 8507, 8508, 8509, 8527, 8528, 8529, 8530, 8531, 8532, 8533, 8550, 8551, 8552, 8553, 8554, 8555, 8556, 8569, 8570, 8571, 8572, 8573, 8574, 8575, 8576, 8577, 8578, 8579, 8594, 8595, 8596, 8597, 8598, 8599, 8600, 8613, 8614, 8615, 8616, 8617, 8618, 8619, 8620, 8621, 8622, 8623, 8624, 8636, 8637, 8638, 8644, 8661, 8662, 8663, 
----------------------------

Polygon ID:	50
color: (0.839442, 0.761315, 0.19599)
Num faces: 6
faces list: 437, 1936, 4743, 8746, 8748, 8808, 
----------------------------

Polygon ID:	51
color: (0.890164, 0.5009, 0.397656)
Num faces: 239
faces list: 450, 512, 751, 1028, 1220, 1286, 1839, 2154, 2362, 2378, 2462, 2734, 3225, 3280, 3345, 3386, 3404, 3568, 3633, 3711, 4601, 4609, 4692, 4715, 5050, 5120, 6223, 7283, 7886, 7976, 8627, 8665, 8666, 8669, 8671, 8673, 8674, 8676, 8677, 8678, 8687, 8688, 8689, 8690, 8696, 8698, 8700, 8702, 8703, 8704, 8705, 8707, 8708, 8710, 8711, 8714, 8716, 8717, 8718, 8721, 8724, 8725, 8727, 8735, 8736, 8737, 8738, 8739, 8740, 8743, 8744, 8750, 8752, 8755, 8756, 8765, 8767, 8773, 8774, 8776, 8777, 8784, 8790, 8791, 8792, 8793, 8795, 8796, 8799, 8800, 8803, 8810, 8811, 8812, 8813, 8814, 8815, 8816, 8826, 8834, 8837, 8840, 8844, 8849, 8850, 8851, 8852, 8853, 8858, 8859, 8860, 8861, 8862, 8863, 8864, 8872, 8873, 8874, 8875, 8876, 8877, 8878, 8879, 8880, 8882, 8897, 8898, 8905, 8906, 8916, 8917, 8918, 8919, 8932, 8933, 8934, 8946, 8950, 8956, 8957, 8962, 8963, 8965, 8975, 8980, 8995, 8996, 9006, 9019, 9020, 9021, 9028, 9034, 9040, 9044, 9069, 9086, 9105, 9106, 9107, 9109, 9130, 9131, 9132, 9133, 9134, 9141, 9144, 9155, 9156, 9179, 9210, 9211, 9213, 9226, 9228, 9238, 9270, 9276, 9294, 9295, 9313, 9317, 9321, 9330, 9341, 9359, 9420, 9423, 9424, 9425, 9426, 9439, 9440, 9441, 9442, 9443, 9444, 9458, 9459, 9470, 9483, 9498, 9501, 9507, 9508, 9509, 9513, 9514, 9523, 9524, 9544, 9545, 9546, 9600, 9650, 9651, 9658, 9659, 9668, 9743, 9750, 9763, 9792, 9812, 9830, 9842, 9847, 9848, 9849, 9865, 9875, 9883, 9889, 9924, 9940, 9941, 9960, 9983, 
----------------------------

Polygon ID:	52
color: (0.572588, 0.994629, 0.0274667)
Num faces: 84
faces list: 477, 620, 2330, 2404, 2669, 3209, 4959, 4982, 5073, 5184, 5799, 6039, 6040, 6068, 6069, 6091, 6092, 6132, 6162, 6163, 6164, 6188, 6189, 6190, 6220, 6221, 6222, 6256, 6257, 6258, 6259, 6291, 6293, 6294, 6295, 6330, 6331, 6371, 6372, 6373, 6400, 6401, 6402, 6403, 6427, 6428, 6458, 7243, 7245, 7247, 7249, 7251, 7257, 7258, 7260, 7261, 7263, 7312, 7428, 7472, 7473, 7494, 7499, 7516, 7550, 7609, 7700, 7814, 7962, 8069, 8270, 8277, 8290, 8346, 8409, 8463, 8484, 8488, 8535, 8538, 8548, 8561, 8589, 8927, 
----------------------------

Polygon ID:	53
color: (0.194067, 0.531327, 0.0505081)
Num faces: 174
faces list: 510, 1851, 2032, 2435, 2436, 2487, 2911, 3357, 4570, 4573, 4596, 4844, 4853, 5453, 5460, 5461, 5462, 5478, 5486, 5487, 5495, 5496, 5497, 5505, 5513, 5514, 5515, 5516, 5523, 5524, 5525, 5526, 5527, 5528, 5534, 5535, 5536, 5537, 5538, 5539, 5541, 5552, 5564, 5565, 5572, 5573, 5574, 5575, 5595, 5596, 5597, 5611, 5612, 5626, 5627, 5628, 5629, 5630, 5649, 5650, 5651, 5669, 5670, 5671, 5672, 5716, 5717, 5718, 5719, 5720, 5722, 5741, 5742, 5743, 5744, 5745, 5746, 5772, 5773, 5774, 5775, 5819, 5820, 5821, 5822, 5823, 5824, 5825, 5826, 5841, 5846, 5847, 5848, 5874, 5875, 5876, 5900, 5901, 5925, 5926, 5927, 5928, 5929, 5930, 5931, 5952, 5953, 5954, 5981, 5982, 5983, 5984, 5985, 6003, 6004, 6005, 6006, 6007, 6008, 6009, 6024, 6025, 6046, 6047, 6048, 6049, 6101, 6102, 6103, 6104, 6105, 6106, 6107, 6108, 6109, 6135, 6138, 6139, 6196, 6197, 6198, 6199, 6200, 6201, 6232, 6233, 6266, 6267, 6268, 6269, 6270, 6272, 6340, 6341, 6381, 6408, 7289, 7414, 7503, 7698, 7729, 8513, 8713, 8719, 8728, 8732, 8733, 8741, 8742, 8747, 8883, 8886, 9135, 9748, 
----------------------------

Polygon ID:	54
color: (0.657613, 0.626759, 0.843043)
Num faces: 1
faces list: 724, 
----------------------------

Polygon ID:	55
color: (0.123325, 0.842158, 0.197851)
Num faces: 4
faces list: 761, 4874, 4876, 4905, 
----------------------------

Polygon ID:	56
color: (0.314066, 0.743126, 0.109928)
Num faces: 78
faces list: 799, 1859, 1860, 1861, 1871, 1879, 1880, 1881, 1882, 1896, 1914, 1915, 1924, 1925, 1939, 1956, 1957, 1968, 1969, 1970, 1971, 1984, 1985, 2000, 2001, 2002, 2003, 2022, 2023, 2036, 2037, 2072, 2105, 2637, 3360, 3492, 3937, 4409, 4600, 5150, 5636, 7072, 9058, 9171, 9172, 9173, 9175, 9190, 9191, 9204, 9205, 9206, 9207, 9208, 9231, 9232, 9233, 9234, 9235, 9241, 9253, 9256, 9271, 9272, 9288, 9289, 9290, 9314, 9315, 9332, 9333, 9334, 9335, 9336, 9357, 9358, 9377, 9636, 
----------------------------

Polygon ID:	57
color: (0.336314, 0.286081, 0.941069)
Num faces: 2
faces list: 978, 6545, 
----------------------------

Polygon ID:	58
color: (0.83462, 0.733085, 0.140263)
Num faces: 100
faces list: 1077, 1216, 1518, 1816, 2050, 2463, 2478, 2609, 2611, 2658, 3065, 3070, 3092, 3094, 3100, 3107, 3109, 3137, 3139, 3149, 3150, 3155, 3181, 3201, 3222, 3224, 3244, 3260, 3261, 3262, 3267, 3268, 3289, 3291, 3292, 3311, 3322, 3323, 3324, 3325, 3331, 3332, 3350, 3352, 3355, 3373, 3438, 3439, 3446, 3447, 3448, 3463, 3464, 3468, 3478, 3479, 3507, 3508, 3509, 3530, 3540, 3541, 3545, 3548, 3555, 3557, 3576, 3586, 3594, 3596, 3599, 3600, 3646, 3647, 3701, 3713, 3719, 3766, 4187, 4491, 6052, 6806, 6903, 7253, 7575, 7579, 7580, 7599, 7600, 7630, 7651, 7658, 7888, 8070, 8164, 8511, 8634, 8723, 8818, 9142, 
----------------------------

Polygon ID:	59
color: (0.747215, 0.600238, 0.707999)
Num faces: 61
faces list: 1107, 1287, 1380, 1402, 1426, 1427, 1428, 1429, 1456, 1457, 1478, 1519, 1520, 1521, 1522, 1524, 1564, 1616, 1619, 1620, 1622, 1648, 1649, 1661, 1707, 1768, 1769, 1794, 2093, 2125, 2251, 2290, 2345, 2460, 2461, 2499, 2555, 2574, 2575, 2597, 2670, 2671, 2713, 2773, 2808, 2835, 2836, 2860, 2934, 2955, 4622, 4710, 4819, 5319, 8807, 8990, 9022, 9055, 9176, 9259, 9828, 
----------------------------

Polygon ID:	60
color: (0.00161748, 0.144475, 0.252724)
Num faces: 1
faces list: 1184, 
----------------------------

Polygon ID:	61
color: (0.852626, 0.806238, 0.0610065)
Num faces: 103
faces list: 1191, 1587, 1803, 1809, 1813, 1893, 1894, 1902, 1903, 1907, 1911, 1912, 1913, 1950, 1953, 1967, 1979, 1995, 2015, 2031, 2132, 2197, 2200, 2254, 2272, 2274, 2279, 2294, 2296, 2297, 2298, 2305, 2312, 2314, 2355, 2357, 2365, 2381, 2385, 2407, 2425, 2433, 2451, 2452, 2464, 2465, 2475, 2500, 2537, 2544, 2545, 2548, 2550, 2562, 2567, 2576, 2586, 2587, 2588, 2591, 2598, 2599, 2604, 2624, 2626, 2630, 2633, 2646, 2648, 2650, 2651, 2653, 2693, 2699, 2701, 2716, 2727, 2737, 2738, 2748, 2761, 2772, 2774, 2809, 2811, 2832, 2838, 2847, 2848, 2879, 2891, 2914, 2935, 3002, 3564, 3588, 3589, 3590, 3607, 3608, 3609, 3650, 4199, 
----------------------------

Polygon ID:	62
color: (0.553209, 0.115604, 0.210578)
Num faces: 56
faces list: 1273, 1336, 1340, 1387, 1441, 1503, 1636, 1656, 4254, 4255, 4265, 4266, 4291, 4292, 4300, 4301, 4302, 4309, 4310, 4348, 4349, 4365, 4366, 4367, 4368, 4397, 4398, 4399, 4412, 4420, 4421, 4431, 4432, 4433, 4441, 4442, 4452, 4453, 4469, 4470, 4492, 4503, 4504, 4505, 4532, 4533, 4534, 5043, 5048, 5882, 6582, 6626, 6627, 7102, 7141, 7166, 
----------------------------

Polygon ID:	63
color: (0.454512, 0.113773, 0.0142521)
Num faces: 1
faces list: 1321, 
----------------------------

Polygon ID:	64
color: (0.543443, 0.686148, 0.75222)
Num faces: 188
faces list: 1543, 2642, 3114, 3223, 3274, 3277, 3342, 3539, 3551, 3572, 3582, 3593, 3620, 4887, 5400, 5713, 7292, 7351, 7416, 7554, 7631, 7632, 7633, 7634, 7652, 7653, 7654, 7669, 7670, 7671, 7672, 7673, 7683, 7684, 7685, 7686, 7687, 7688, 7703, 7704, 7718, 7719, 7720, 7721, 7722, 7734, 7735, 7736, 7737, 7738, 7739, 7751, 7752, 7753, 7754, 7755, 7756, 7757, 7770, 7771, 7772, 7773, 7774, 7775, 7787, 7788, 7789, 7790, 7791, 7792, 7805, 7806, 7807, 7808, 7823, 7824, 7825, 7826, 7827, 7828, 7829, 7830, 7831, 7838, 7846, 7847, 7848, 7849, 7850, 7870, 7871, 7872, 7873, 7874, 7875, 7876, 7892, 7893, 7894, 7895, 7896, 7897, 7907, 7908, 7909, 7925, 7926, 7927, 7928, 7945, 7946, 7947, 7948, 7949, 7950, 7951, 7952, 7953, 7954, 7955, 7967, 7968, 7969, 7984, 7985, 7986, 7987, 7988, 8007, 8008, 8009, 8010, 8011, 8012, 8030, 8031, 8032, 8033, 8034, 8035, 8036, 8037, 8038, 8039, 8040, 8056, 8057, 8058, 8059, 8060, 8077, 8078, 8079, 8080, 8097, 8098, 8099, 8100, 8101, 8102, 8116, 8117, 8118, 8119, 8140, 8141, 8142, 8143, 8155, 8156, 8198, 8199, 8200, 8201, 8203, 8213, 8214, 8215, 8216, 8217, 8218, 8233, 8281, 8317, 8378, 8560, 9558, 9635, 
----------------------------

Polygon ID:	65
color: (0.201941, 0.43672, 0.0738853)
Num faces: 70
faces list: 1845, 1992, 3341, 4883, 5689, 5754, 5975, 6083, 6120, 6306, 6530, 6549, 6579, 6643, 6647, 6648, 6696, 6715, 6946, 6963, 7012, 7103, 7152, 7157, 7191, 7194, 7210, 7221, 7230, 7638, 7639, 7641, 7655, 7656, 7657, 7674, 7675, 7676, 7689, 7690, 7691, 7692, 7695, 7705, 7723, 7724, 7725, 7740, 7741, 7758, 7759, 7760, 7776, 7794, 7795, 7796, 7797, 7798, 7810, 7811, 7812, 7858, 7859, 7860, 7879, 7880, 7890, 7902, 8394, 8422, 
----------------------------

Polygon ID:	66
color: (0.436689, 0.290353, 0.696219)
Num faces: 64
faces list: 2426, 2580, 2683, 2843, 3742, 3791, 3792, 3803, 3809, 3810, 3811, 3813, 3814, 3815, 3821, 3826, 3827, 3828, 3830, 3831, 3832, 3833, 3834, 3841, 3842, 3843, 3848, 3850, 3851, 3852, 3853, 3859, 3860, 3861, 3867, 3868, 3869, 3870, 3880, 3881, 3882, 3883, 3884, 3885, 3887, 3893, 3894, 3895, 3896, 3897, 3904, 3905, 3906, 3911, 3912, 3913, 5891, 6932, 6933, 6934, 7047, 7169, 7201, 7229, 
----------------------------

Polygon ID:	67
color: (0.532579, 0.577868, 0.232429)
Num faces: 51
faces list: 3011, 3012, 3148, 3317, 4041, 5024, 5177, 6565, 7598, 8586, 8675, 8686, 8693, 8694, 8726, 8759, 8764, 8779, 8794, 8832, 8833, 8893, 8894, 8900, 8974, 8981, 8986, 9016, 9036, 9061, 9062, 9071, 9075, 9116, 9117, 9127, 9129, 9153, 9177, 9193, 9309, 9310, 9326, 9649, 9727, 9872, 9885, 9912, 9928, 9947, 9979, 
----------------------------

Polygon ID:	68
color: (0.504135, 0.160192, 0.628681)
Num faces: 1
faces list: 3164, 
----------------------------

Polygon ID:	69
color: (0.924802, 0.695761, 0.963042)
Num faces: 1
faces list: 4010, 
----------------------------

Polygon ID:	70
color: (0.17835, 0.335948, 0.189947)
Num faces: 1
faces list: 4189, 
----------------------------

Polygon ID:	71
color: (0.998016, 0.457442, 0.995178)
Num faces: 1
faces list: 6195, 
----------------------------

Polygon ID:	72
color: (0.0943937, 0.625172, 0.0975066)
Num faces: 1
faces list: 6487, 
----------------------------

Polygon ID:	73
color: (0.0484329, 0.931516, 0.437727)
Num faces: 1
faces list: 6679, 
----------------------------

Polygon ID:	74
color: (0.227302, 0.290017, 0.89462)
Num faces: 1
faces list: 6856, 
----------------------------

Polygon ID:	75
color: (0.201971, 0.410718, 0.769066)
Num faces: 1
faces list: 6891, 
----------------------------

Polygon ID:	76
color: (0.451613, 0.604144, 0.628071)
Num faces: 1
faces list: 6892, 
----------------------------

Polygon ID:	77
color: (0.634724, 0.597827, 0.466353)
Num faces: 3
faces list: 7139, 7142, 7937, 
----------------------------

Polygon ID:	78
color: (0.624775, 0.828791, 0.854793)
Num faces: 1
faces list: 7395, 
----------------------------

Polygon ID:	79
color: (0.375134, 0.565752, 0.720908)
Num faces: 1
faces list: 7398, 
----------------------------

Polygon ID:	80
color: (0.555132, 0.737907, 0.184271)
Num faces: 1
faces list: 7587, 
----------------------------

Polygon ID:	81
color: (0.18894, 0.242866, 0.905087)
Num faces: 2
faces list: 8438, 8925, 
----------------------------

Polygon ID:	82
color: (0.584613, 0.698508, 0.604724)
Num faces: 1
faces list: 9757, 
----------------------------
